a（文白）
p [1] 巴芭疤叭{喇～} [3] 把摆（白） [5] 霸欛 爸拜（白）
t [1] 班（白）扳攀（白） [3] 打 [5] 戴带（白）
tʰ [1] 他拖（白） [5] 太（白）泰（白）
l [1] 拉（白）啦（白） [2] 篮（白） [4] 懒{～开}（白） [5] 啦 [6] 赖癞{～头儿}（白）抓喇{～叭}（白）
ts [1] 渣斋（白） [3] 炸{～开} [5] 债（白）榨炸{～弹}诈乍
tsʰ [1] 叉杈钗差{～不多} [5] 岔{三～口}蔡诧{谅～}衩{衣服～口}
s [1] 沙纱删 [3] 洒傻耍 [5] 晒
k [1] 街（白）庎{碗～柜：放食器的}柜（白） [3] 解{～开}（白） [5] 介（白）界（白）芥（白）尬疥（白）戒（白）
kʰ [1] 揩（白） [3] 楷{正～}（白） [5] 卡{～住}（白）
∅ [1] 挨{～拢} [3] 矮（白）我（白）阿我
b [2] 爬琶杷排（白）牌（白）筏（白）爿 [4] 罢（白） [6] 耙耙{～牙}败（白）办（白）
m [2] 麻蛮{小孩儿顽皮}（白） [3] 板（白）版（白） [4] 马码买（白） [5] 妈{单呼}（白）扮{打～}（白）摄绊{。～叻一脚：绊了一跤}（白） [6] 骂卖（白）
d [2] 给（白） [4] □{高声叫喊}（白） [6] 大汰{漂洗}（白）垯{一～路、一～字、一～屋}埭{同}（白）
n [2] 拿 [3] 奶{又}那 [4] 奶（白） [6] 难{田～}囡{～娇}
dz [2] 茶搽查 [6] 屙{拉大便、小便}（白）
z [2] 柴（白）豺（白） [6] 寨（白）
ɦ [2] 鞋（白） [6] 雁{～鹅}
h [3] 蟹（白） [5] 哈
pʰ [5] 怕帕（白）派（白）破（白）

ia（文）
tɕ [1] 家加嘉 [3] 假{真～}贾{姓}（白） [5] 假{放～}架驾嫁稼价
ɕ [1] 暇虾 [5] 惬{～意}（白）
ȵ [1] □{给、～阿一本书：给我一本书}
∅ [1] 雅丫桠鸦 [3] 哑{～巴} [5] 亚
dʑ [2] 茄{～子}
ɦ [2] 牙芽衙伢霞瑕遐涯涯 [4] 雅 [6] 下{～面}夏暇厦{～门}

ua
ts [1] 猪
tsʰ [1] 叉杈差{～不多} [5] 岔{三～口}
s [1] 纱{～筛}梳{～子}痧{发～} [5] 晒
k [1] 瓜官棺冠关{～系} [3] 寡拐拐{～子}管馆 [5] 怪挂卦贯灌罐惯
kʰ [1] 夸宽 [3] 款垮侉 [5] 快跨
h [1] 花欢罅 [5] 化
∅ [1] 蛙{青～}窪湾弯 [3] 碗 [5] 挽
dz [2] 茶搽查
z [2] 锄{～头}
ɦ [2] 华{中～}铧还 [4] 瓦缓{～一步} [6] 华桦话换患宦画
g [6] 甩{器具的柄}甩掼{抛、扔}

ɔ
f [1] 番翻藩疯{吐} [3] 反翻 [5] 泛贩畈{田～}
tʰ [1] 坍滩摊叹{～气}毯{毛～} [5] 炭庹{一～：大拇指与中指伸开的长度}
n [1] 耽担丹单 [2] 难 [3] 胆掸{～尘} [5] 旦担{挑～}
tsʰ [1] 参餐{食～添：再吃一吨（餐）} [3] 产铲惨 [5] 餐{一～}
s [1] 三杉衫珊山疝{～气} [3] 散{～开} [5] 散{分～}伞
k [1] 家加嘉傢监间奸{强～} [3] 假{真～}贾{姓}减鹹 [5] 假{放～}架驾嫁价
kʰ [1] 嵌掐{～脉}铅{～笔} [3] 窗槛{门～}
h [1] 虾{～公}苋{～菜}痚{～毛}劾{：哮喘} [3] 疴{～秧} [5] {狗～：狗叫}
∅ [1] 丫{～头}桠{树～}鸦{老～儿：乌～儿} [3] 哑 [5] 挜{强手人物}
v [2] 凡烦矾繁 [4] 犯 [6] 范{～围}饭万萬
d [2] 谈痰檀{～树}坛弹{～琴} [4] 淡 [6] 但弹{子～}
l [2] 蓝兰拦栏 [4] 痮{：疥疮} [6] 烂懒
z [2] 凿{～洞}昨{～天} [4] 赚
g [2] □{很拥挤叫～狭} [6] □{～起来：垫架起来}
ɦ [2] 牙芽{豆～儿}衙{～门}伢虾{～蟆}咸岩闲颜崖闻 [4] 眼馅限 [6] 下夏厦{～门}㾑{肚子～了}外{～公}
ts [3] 炸{～开}斩{先～后奏} [5] 炸{～弹}蘸{～酱油}只{一～田鸡：一只青蛙}
dz [6] 站暂栈错{做～了}

iɔ
tɕ [1] 疆僵礓姜
tɕʰ [1] 腔 [3] 强{勉～}
ȵ [1] 央秧殃（义乌城内音） [2] 羊洋烊扬阳杨降（义乌城内音）娘 [4] 痒养（义乌城内音）仰 [5] □{糖～：糕点名} [6] 样让
ɕ [1] 香乡 [3] 享响 [5] 向{方～}
∅ [1] 央秧殃 [5] 挟{～一记：扶一把}
dʑ [2] 强 [4] 强{倔～}誩{硬口～：善于强辩}
ɦ [2] 羊洋烊扬阳杨降蛘{米中的小黑甲虫}炀{融化} [4] 痒养仰 [6] 样让{～人}

o（文白）
p [1] 波菠玻播 [5] 簸
pʰ [1] 坡颇 [5] 破
t [1] 多刀（白） [3] 躲祷岛倒（白）朵 [5] 到（白）倒{～水}（白）
tʰ [1] 拖滔掏 [3] 妥椭讨（白） [5] 套（白）唾{～液}
l [1] 啰{～唆} [2] 罗锣箩骡螺{～蛳}脶劳（白）牢（白）痨（白）劳（白） [4] 老（白）裸{～体}摞{～拢：把分散的东西聚拢。}佬（白）
ts [1] 遭糟（白） [3] 早（白）枣蚤爪（白）找（白）左（白） [5] 佐做躁{烦～}灶（白）罩（白）笊
tsʰ [1] 搓操（白）抄（白） [3] 草（白）吵（白）炒（白）扯（白） [5] 锉措错糙（白）
s [1] 蓑梭唆啰{～}骚（白）臊梢{树～}（白）娑{婆～} [3] 锁扫（白）嫂（白） [5] 愞{囊～：赶快}（白）所燥（白）
k [1] 歌哥锅戈高（白）膏（白）篙（白）羔（白）糕（白）交（白）胶（白）教{～书}（白）膠（白） [3] 果裹馃搞（白）绞（白）铰（白）搅 [5] 個个告（白）膏（白）教（白）酵{发～}（白）犒稿
kʰ [1] 科窠棵敲（白）轲苛{～刻}（白） [3] 可颗考（白）烤（白） [5] 靠（白）
h [1] 蒿{～菜、}蓬{～}（白） [3] 火夥伙好（白）侾{大～佬：大人物}（白） [5] 货耗孝{～子}（白）
∅ [1] 倭踒蜗{～牛}窝喔涡爊{～羹}（白）龌{～龊：肮脏}（白） [3] 我袄懊{～恼}拗{～断：折断}（白）扷{量。～米烧饭。}（白） [5] 奥懊{～悔}（白）詏{诬陷。～农：诬陷人}（白）
b [2] 婆
m [2] 磨魔摩馍模（白） [4] 母 [6] 磨{～面}暮慕募墓拇
d [2] 桃（白）逃（白）淘{～米}（白）陶（白）驼陀驮 [4] 惰舵道（白）稻（白）堕导（白） [6] 盗（白）导{引～}
dz [2] 曹（白）槽剿巢 [4] □{混拌了，换错了。}（白）
z [4] 坐皂（白）造（白） [6] 座{～位}
ɦ [2] 蛾鹅俄河何荷{～花}禾和熬（白）豪（白）壕（白）毫（白） [4] 祸 [6] 饿荷{薄～}贺（白）卧和{～面}号{～数}（白）傲

uo
t [1] 多 [3] 躲朵 [5] 朵{一～}
tʰ [1] 拖{～拉} [3] 妥 [5] 唾{～液}
tsʰ [1] 搓{～绳} [5] 锉措
s [1] 蓑{～衣}梭 [3] 锁琐所
k [1] 哥 [3] 果裹 [5] 过
kʰ [1] 科窠棵 [3] 可 [5] 课
h [1] 呵{～痒} [3] 火伙夥 [5] 货
∅ [1] 阿{～胶}倭踒窝 [5] 屙{大便}
d [2] 驼驮拕{拿} [4] 舵惰 [6] 大
l [2] 罗锣箩骡脶{～纹} [4] 摞{～拢}
z [2] 矬{物往下沉} [4] 坐 [6] 座{～位}
ɦ [2] 蛾鹅俄和禾河何荷{～花} [4] 祸 [6] 和{～面}荷{薄～}
n [4] 捼{袏揉}
ts [5] 做左佐

ɛ
n [1] □{这样} [3] 打 [6] 内{～农家：～人，妇女}
m [1] 咩{羊叫声音} [2] 梅媒煤枚霉盲{～眼：瞎眼}埋 [3] 蛮{（猛）～香：很香} [4] 每{～个}猛{大旺}蜢{谷～} [5] 柄虻{牛～：叮牛的昆虫}抦{用力拉} [6] 妹孟
ts [1] 争棦{树～}睁踭{手～}
tsʰ [1] 撑 [5] 撑
s [1] 生甥{外～} [3] 省{～长，节～} [5] 眚{刺在肉中，物在眼中。}
k [1] 更{五～：早晨}庚羹耕塥{田～泥} [3] 埂{田～：田中的沟}哽{～在喉} [5] 趌{～来～去，～出来：钻出来、挤出来}
kʰ [1] 坑{溪～}铅（文）
h [1] □{～点儿：这么一点点。}哼
∅ [1] 樱{～珠：～桃} [5] 晏□压{～住}
b [2] 棚{凉～}蹚{～上一脚：跨上一步}□{拍打灰尘} [6] 掽{碰、撞。}㼜{瓦～：碎瓦片。}□{不足斤两用石块等凑足斤两叫～。}斝{斈～}
dz [2] □{小孩争宠} [6] 伥{紧塞}锃{～亮}檡{～树}
g [2] □{手提起来}
ɦ [2] 行{～为}行{～床：可以拆卸移动到野外的床}桁{屋中横梁} [6] 硬杏
l [4] 冷
p [5] 爸

iɛ
t [1] 爹
tʰ [1] 天添掭{～墨} [3] 舔 [5] 掭
ts [1] 遮剪{～刀，名词} [3] 剪{动词} [5] 借蔗{甘～}媎{～儿：伯母}蚱
tsʰ [1] 千车 [5] 且{筊不正、歪斜～}
s [1] 奢赊{～帐}先{～后}纱 [3] 写泻写{～酒、～茶}捨 [5] 泻卸赦舍
tɕ [1] 搛{～菜}
ȵ [1] 烟 [2] 年嫌拈鲇{～鱼} [3] 点{把火点着叫～}典{字～} [5] 店 [6] 念
d [2] 甜田填 [4] 电簟{地～} [6] 殿奠佃垫簟
l [2] 莲{～子}楝{～树}鲢{～鱼}蠊{蚱～：知了} [6] 练
z [2] 邪斜蛇前 [4] 社{公～} [6] 谢藉射麝{～香}
ɦ [2] 爷耶 [4] 野{～外，～蛮} [6] 夜
dz [6] 嘫{～西：什么东西｜～啦时候：什么时候}

uɛ
k [1] 梗{糖～：糖蔗}炔{暴开、裂开。～谷花，～㿡：开裂}□{怕} [3] 茎梗{一～：一根}
h [1] 竵{不正。～脚，～嘴。}
∅ [1] 歪
ɦ [2] 横{～直，～头} [6] 坏横{蛮～}
g [6] □{跷脚～}

yɛ
tɕ [1] 抓 [3] □{～起来：抓住提起，～稻：把稻子连泥提起}
tɕʰ [1] 推 [3] □{用脚踩物}
ɕ [1] □{饭很稀软}□{小孩儿哭前的嘴形}
dʑ [2] □{～手儿：指手指全无的手}

e（文白）
p [1] 杯悲 [5] 贝辈背
pʰ [1] 胚坯{土～}丕 [3] □{～火：用铁条拨火} [5] 沛配
t [1] 堆 [3] 劰{～绳：用力拉绳，筋～：骂人语} [5] 对碓⿰亻对{以物易物。～豆腐：用豆换豆腐}
tʰ [1] 胎台{天～：地名}苔{舌～}推（文）揆{～毛} [3] 腿 [5] 退态蜕{～化}
ts [1] 遮（文）灾栽 [5] 宰{～相}借（文）者载蔗（文）
tsʰ [1] 猜催鲭{～鱼} [3] 彩採采睬 [5] 菜且
s [1] 奢赊（文）腮鳃衰 [3] 碎写（文） [5] 赛帅舍{宿～}赦捨{～弃}
k [1] 该 [3] 改 [5] 概溉{灌～}盖丐{吃～}
kʰ [1] 开 [3] 凯 [5] 慨
∅ [1] 哀埃{尘～} [3] 扼{～断：折断} [5] 爱
b [2] 培陪赔 [4] 倍 [6] 背{～书}焙佩
d [2] 台臺抬 [4] 待怠 [6] 代袋贷兑队
l [2] 耒雷 [4] 癗{小疮}癅{毒疮} [6] 累脞{～倒、～地下}礌{～滚：碾滚}
dz [2] 才材财 [4] 在
z [2] 斜（文）蛇（文）邪（文） [4] 社（文）罪 [6] 谢（文）射（文）麝{～香}（文）
ɦ [2] 呆而儿（文） [4] 亥尔耳（又音）二 [6] 碍艾害饵（文）耳（文）
h [3] 海 [5] 嗨
g [4] 䧎〔？〕{站住}䜣〔？〕 [6] 䧎〔？〕{靠}馂〔？〕{饱嗝}

ie
p [1] 标彪鞭编边蝙（文） [3] 表眨扁匾婊{～子：妓女} [5] 变遍
pʰ [1] 偏飘篇 [3] 漂 [5] 票骗片
ts [1] 尖占{～卜}煎 [3] 展笕{水～} [5] 占{～领}箭溅{～了一身泥}荐{荜～屋}
tsʰ [1] 歼{～灭}簽迁签□{脚伸过去} [3] 浅
s [1] 仙鲜 [3] 癣筅{～帚}镴〔？〕{～鸡} [5] 缐线
tɕ [1] 肩坚兼 [3] 检 [5] 剑建见
tɕʰ [1] 牵谦 [5] 欠歉牵{拉～}遣
ȵ [1] 研粘黏 [2] 严爱颞{～头} [4] 碾染 [6] 验{实～}砚{～瓦}
ɕ [1] 杴{铲子} [3] 险显宪 [5] 献轩掀
∅ [1] 淹阉蔫{不新鲜} [5] 厌堰嚥掩
b [2] 瓢嫖鳔便{～宜} [6] 辨辩便{方～}
m [2] 苗描绵棉 [4] 免娩勉缅渑{～池} [6] 秒庙妙面
d [2] 钿钱
l [2] 连联廉 [4] 验（文）敛（文）殓
z [2] 潜{～水}艇全 [6] 贱{～骨头}旋镟泉蟾{～酥}
dz [2] 钳乾虔{～诚} [4] 践{实～}俭莫{～头：歪头} [6] 件健键{关～}
ɦ [2] 炎盐阎檐延筵贤弦涎 [6] 焰盐{动词}艳醃{～肉：咸肉}现

ue
kʰ [1] 盔魁奎 [5] 块塊
h [1] 灰恢㧟{～跌：摔跤} [3] 悔 [5] 晦
∅ [1] 煨
ɦ [2] 回茴 [6] 会{开～}汇

ye
tɕ [1] 毡{～帽}专砖捐瞻占镘{～锌：开山锄} [3] 转卷 [5] 战眷卷绢占
tɕʰ [1] 穿川串圈舂{～米}喘{～气}桊{牛鼻～} [5] 劝券
ɕ [1] 揎{～动}闩{门～}拴宣靴栓 [3] 选陕闪 [5] 扇楦{鞋～}搧
∅ [1] 渊冤鸳{～鸯} [5] 怨
dʑ [2] 传{～达}拳权颧椽 [6] 篆传{～记}倦缠
ȵ [2] 元原源 [4] 软 [6] 愿
ʑ [2] 船玄 [4] 善然燃膳 [6] 旋炫漩
ɦ [2] 园员圆缘袁辕援悬{～空}船（又音） [4] 远善膳然燃 [6] 县院

ɿ（文白）
ts [1] 知（文）蜘（文）支（文）枝（文）肢（文）栀{～子花}（文）资姿咨脂滋辎之芝鲻{～鱼}鹚{黑～～}智（文） [3] 紫纸（文）只旨指子梓止趾址 [5] 致（文）至（文）志（文）志（文）置（文）
tsʰ [1] 雌差{参～}（文）痴嗤 [3] 此齿耻 [5] 刺次翅
s [1] 斯厮撕筛施私师尸（文）司丝思诗梳{～头}蛳{螺～} [3] 死使史驶始（文） [5] 四（文）肆（文）矢赐屎（文）
dz [2] 池（文）驰（文）迟（文）持（文）兹慈磁{～铁} [4] 峙{对～}痔（文）雉{～鸡}（文） [6] 稚（文）治{～理}（文）
z [2] 匙瓷餈{麻～}辞词祠似时鲥{～鱼} [4] 士仕市侍柿巳{辰～}祀{祭～}是（文）氏（文） [6] 自（文）示视豉{豆～}嗜寺嗣饲字事俟侍饲薯{蕃～}铈{镘～}牸{～牛}

i
p [1] 蓖{～麻}屄{女阴。老～} [3] 比鄙 [5] 蔽毙闭臂譬秘泌庇痹{麻～～}
pʰ [1] 批披丕秕㓱{用牙析物} [5] 屁
f [1] 非飞妃榧{香～} [3] 匪榧 [5] 废肺痱费翡吠
t [1] 低 [3] 底抵诋{～毁}邸{官～}柢{根深～固} [5] 帝谛{溚溚〔？〕～}
tʰ [1] 梯 [3] 体 [5] 替涕剃屉{抽～}
ts [1] 知蜘智支枝肢齑{～糟农：很顽人。}栀{玉～花} [3] 挤纸姊姐 [5] 祭际穄济制制致至置志志醉舀{～饭：盛饭。}
tsʰ [1] 妻觑{近～儿：近视} [3] 鼠耻扯撕 [5] 觑{近～}侈
s [1] 西犀施尸髓{骨～}尿 [3] 洗试 [5] 细絮{棉～}婿世势岁四肆玺试髓
tɕ [1] 鸡稽饥肌几基机讥饥篞〔？〕{笹～：竹丝梳子。} [3] 纪{年～}麂稽 [5] 计继系髻寄冀己纪记既系{～鞋带}
tɕʰ [1] 溪欺 [3] 启企起杞岂 [5] 契器弃气汽
ɕ [1] 牺嬉熙希稀兮 [3] 喜蟢{八脚～} [5] 系係戏
∅ [1] 衣依医伊椅{～子}倚 [3] 又{～来了：又来了} [5] 翳{目～}意庼〔？〕{～长短：比试长短}亿
b [2] 皮敝币疲弊脾琵枇㶸〔？〕{～～：一层}肥{～料} [4] 被婢{奴～} [6] 鐾{～刀}避篦陛笓{～箅}
m [2] 迷弥眉醚〔？〕{～眼} [4] 米 [5] 咪{笑～～} [6] 谜未{还～}尾（又音）
v [2] 雏惟唯肥微 [6] 未味尾（文）
d [2] 堤提题啼蹄 [4] 弟娣 [6] 第递地雉{～鸡}
l [2] 犁黎离篱璃梨厘狸 [4] 吕旅履李里裹鲤礼劙{～破} [6] 丽隶例厉励利痢吏泪屡荔瓠{倒～}虑滤㴻{稀饭烧得稀软，稠～}蜊
dz [2] 齐脐池池迟持 [4] 是痔 [6] 箸{筷子}苎{～麻}荠滞稚治
z [2] 徐 [4] 氏
dʑ [2] 奇骑琦祁其祺琪期旗鳍祈淇骐蜞 [4] 技妓 [6] 忌豉鲭{鱼～}
ȵ [2] 泥倪宜仪尼疑沂 [4] 拟 [6] 艺蚁义议腻毅
ɦ [2] 奚移夷姨遗 [4] 已以 [6] 易{难～}肄异矣
n [3] 你（文）

u
pʰ [1] 铺潽{饭～了} [3] 普浦谱 [5] 铺{查～}捕
f [1] 夫肤跗敷俘麸蜉{～蝦：蚂蚁} [3] 府腑俯甫脯釜虎 [5] 付赋傅赴讣富副
t [1] 都 [3] 堵赌肚{猪～} [5] 妒妒
ts [1] 租 [3] 祖组阻
tsʰ [1] 初粗 [3] 楚础 [5] 醋
s [1] 苏酥梳疏蔬须{胡～} [3] 数{动词} [5] 素诉塑嗉疏{注～}数{名词}
k [1] 姑孤菇轱鸪蛄{蝼～}咕沽 [3] 古估牯股鼓蛊姑 [5] 故固锢雇顾
kʰ [1] 枯箍 [3] 苦 [5] 库裤
h [1] 呼乎 [3] 虎浒{水～} [5] 戽{～水，～斗}
∅ [1] 乌污 [3] 坞 [5] 恶{可～}焐{食物在文火中使之熟}
b [2] 蒲菩脯{胸～}哺{～热头儿：晒太阳} [4] 部簿抱 [6] 步埠{～头}孵{～小鸡}部簿
v [2] 符扶芙巫诬浮（均为文读音） [4] 父腐辅侮妇阜{曲～}（均为文读音） [6] 附务雾（均为文读音）
d [2] 徒屠途涂图 [4] 杜肚 [6] 度渡镀
n [2] 奴 [4] 努 [6] 怒
l [2] 卢炉芦鸬鲁橹 [4] 鹵卤掳 [6] 路赂露鹭裸{～体}
dz [2] 锄雏（文） [6] 助
g [2] 跍（文）{蹲下}
ɦ [2] 吴湖狐壶胡蜈吾梧无浮诬巫芙扶符 [4] 户沪伍{队伍}午（文）武侮鹉舞腐辅{～导}侮妇污{～泥} [6] 互护误悟务雾附{～近}
p [3] 补 [5] 布布饰
tʰ [3] 土吐 [5] 吐{呕～}兔唾

y
tɕ [1] 猪（文）诸居车诛蛛朱朱珠拘驹龟归{～农家：回家} [3] 举主矩嘴{口～}鬼 [5] 著{里～}煮据锯拄驻注蛀铸句贵踞疰{～夏}
tɕʰ [1] 吹区{～别}趋蛆（文） [3] 处{相～}取娶{哄赶鸡声} [5] 处{～所}去趣区{分～}
ɕ [1] 书舒虚嘘须需须输 [3] 水许暑嘘 [5] 恕署戍黍（文）絮（文）输{送～}贯{～器店}
∅ [1] 於淤于盂迂椅
dʑ [2] 除储渠厨瞿槌锤衢 [4] 巨柜距柱跪 [6] 住具惧俱
ȵ [2] 愚虞娱 [4] 女语喁{呼猪声} [6] 御御遇寓蕖{花蕾}
ʑ [2] 徐殊儒垂{～落} [4] 序叙绪聚竖乳（文） [6] 树薯{蕃～}署{专～}（均为文读音）
ɦ [2] 如余榆俞逾愉渔鱼（文） [4] 与愈雨字羽汝（文）竖序 [6] 誉预予豫芋{～艿}喻{比～}裕树薯{藩～}
l [4] 吕（文）旅（文） [6] 虑滤屡（均为文读音）

ai（文白）
p [1] 杯悲 [3] 摆 [5] 贝拜辈背
pʰ [1] 胚坯丕 [3] □{～空：突然}呸（白） [5] 沛派配
b [2] 排牌培陪赔斐爿 [6] 败倍佩背{～书}焙备被{～动}
m [2] 埋梅枚媒煤楣霉玫媚镘{～：锅底烟灰}（白） [4] 买美 [6] 卖迈每妹昧媚寐
t [1] 堆杲〔？〕扚{～一记：扭一下} [3] 劰{用力拉} [5] 戴带对碓{水～}
tʰ [1] 胎台{天～}苔{舌～}推 [3] 腿 [5] 太态泰退蜕{～化}
d [2] 台抬颓 [6] 代袋贷待怠兑队
n [4] 奶 [6] 耐奈内
l [2] 耒雷 [4] 儡{傀～}癧叻{拌，了。涂～：涂拌、涂了}（白） [6] 赖癞累垒类
ts [1] 灾栽斋疒〔？〕瘠{～病}（白） [3] 宰{～相}再（又音） [5] 载债寨再
tsʰ [1] 猜钗差{出～}催 [3] 彩采采 [5] 菜蔡
dz [2] 才材财裁 [4] 在
z [2] 柴豺 [4] 罪
s [1] 腮鳃衰 [5] 赛晒帅碎
k [1] 该 [3] 改 [5] 盖丐概溉
kʰ [1] 开 [5] 凯慨去（白）
g [2] 渠{他。}（白）
h [3] 海 [5] 嗨
ɦ [2] 呆孩 [6] 害亥艾碍
∅ [1] 哀捱{～打}埃{尘～}挨 [3] 矮 [5] 爱隘

iai（文）
tɕ [1] 皆阶街 [3] 解{～开} [5] 界介芥疥届戒
tɕʰ [1] 揩 [5] 楷{正～}
ɕ [3] 解{姓}蟹
ɦ [2] 鞋谐 [6] 械懈{松～}
∅ [3] 矮（城内老派音）

uai（文）
k [1] 规圭闺龟乖归 [3] 鬼诡 [5] 会{～计}桧怪桂轨癸贵
kʰ [1] 盔魁奎亏窥 [3] 傀{～儡} [5] 块愧刽{～子手}
g [2] 逵葵蒯{姓}揆{猜测、估计} [4] 跪 [6] 溃柜
h [1] 灰恢麾挥辉徽 [3] 贿毁悔 [5] 晦讳{忌～}
ɦ [2] 回茴{～香}桅怀槐淮危为{作～}违围纬 [4] 伟苇 [6] 会{开～}外坏惠慧卫伪为{～什么}位魏纬胃谓猬{刺～}
∅ [1] 煨{食物在火中使之熟}歪萎威 [3] 委 [5] 畏慰喂

yai（文）
dz [2] 槌锤 [6] 坠
tɕ [1] 追 [3] 最嘴 [5] 醉缀{点～}赘
tɕʰ [1] 吹炊崔催 [5] 脆翠
dʑ [2] 睡垂{～直}谁随 [6] 锐瑞粹遂隧
ɕ [1] 虽绥 [3] 水 [5] 岁税

au（文白）
p [1] 包胞褒苞 [3] 保堡宝饱豹葆褓 [5] 报趵{跳}
pʰ [1] 抛 [3] 炮{大～}泡{～茶} [5] 炮{枪～}泡{水～}疱
b [2] 袍跑 [4] 抱鲍 [6] 刨暴瀑
m [2] 毛茅矛猫 [4] 卯 [6] 冒帽墓貌
t [1] 刀叨 [3] 岛捣倒 [5] 到祷
tʰ [1] 滔□{小鬼～：骂人语} [3] 讨 [5] 套
d [2] 桃逃掏淘陶萄涛 [4] 道稻导 [6] 盗导{引～}
n [2] 挠 [4] 脑恼闹{～事} [6] 闹{热～}
l [2] 劳捞牢唠 [4] 老
ts [3] 早澡枣蚤 [5] 灶燥罩爪{～牙}
tsʰ [3] 草炒吵 [5] 糙
dz [2] 曹槽巢浞{～雨：淋雨}
z [4] 皂造 [6] 扰{～乱}
s [1] 骚臊{～气}梢捎 [3] 扫嫂 [5] 扫{～帚}稍悛{豪～}
k [1] 高膏篙羔糕 [3] 搞稿 [5] 告膏{～油}
kʰ [1] 敲 [3] 考 [5] 烤靠
h [1] 蒿 [3] 好 [5] 耗
ɦ [2] 熬豪壕毫 [6] 号浩傲
∅ [1] 燙{～白菜} [3] 袄 [5] 奥懊{～悔}

iau（文白）
p [1] 标彪臕{肥～} [3] 表表
pʰ [1] 飘 [3] 漂飘 [5] 票漂{～亮}
b [2] 瓢嫖鳔
m [2] 苗描 [6] 秒渺藐妙谬
t [1] 刁貂雕 [3] 鸟（又音） [5] 吊钓
tʰ [1] 挑 [5] 跳粜
d [2] 条调{～和} [6] 掉调{音～}
l [2] 燎聊疗辽僚撩寥 [4] 了{完了} [6] 了{～结}瞭料
ts [1] 焦蕉椒昭招沼 [5] 照诏
tsʰ [1] 锹缲 [3] 悄{静～～} [5] 俏
dz [2] 樵朝潮 [4] 赵兆
z [2] 韶 [4] 绍{～兴} [6] 召邵
s [1] 消宵霄硝销烧箫萧 [3] 小少 [5] 笑鞘{刀～}
tɕ [1] 交郊胶骄娇浇侥{～幸}缴 [3] 绞铰搅矫 [5] 狡教校{～对}较觉叫
tɕʰ [1] 敲 [3] 巧 [5] 窍{七～}窾
dʑ [2] 乔侨桥荞 [4] 挢{橇开} [6] 轿
ȵ [2] 饶桡尧挠 [4] 鸟 [6] 绕
ɕ [3] 晓 [5] 孝酵
ɦ [2] 肴淆摇谣窑遥姚珧 [6] 校{学～}效耀鹞{纸～}
∅ [1] 妖邀腰要{～求}么{～二三}吆杳 [3] 咬舀{～水} [5] 要{重～}注：au、iau 白读主要来自入声。

ɯ（城内老派韵）
m [6] 望{看}
t [1] 端 [3] 短 [5] 断{决～}
tʰ [1] 吞贪 [3] 氽{人物在水上漂} [5] 探□{蒸笼～：蒸笼格}
d [2] 团糰谭潭 [6] 断{～绝}段缎
n [2] 南男 [6] 嫩
k [1] 甘柑泔{米～水}干肝竿 [3] 感敢杆秆赶
kʰ [1] 堪龛刊 [5] 勘
h [1] 鼾 [5] 汉罕
ɦ [2] 含函寒韩 [6] 汗旱岸翰焊
∅ [1] 安庵鞍 [5] 暗按案

ɯa
p [1] 巴芭疤 [3] 把 [5] 霸坝
b [2] 爬琶杷 [6] 耙皅〔？〕{～牙}筢{翻～：翻土除草农具。}
m [2] 麻蟆蟆 [4] 马码㑷{老～：妻子} [6] 骂
l [2] 良粮梁粱凉量 [4] 两 [6] 亮谅两{斤～}辆量{数～}
ts [1] 将{～来}浆张章樟蟑 [3] 奖桨蒋长{首～}掌涨 [5] 仗酱将{大～}帐账胀障瘴
tsʰ [1] 枪昌菖湿〔？〕 [3] 枪厂 [5] 唱倡畅
dz [2] 长肠场 [6] 丈杖
z [2] 墙详祥常尝裳偿 [4] 象像橡 [6] 匠尚上{～面}让
s [1] 相箱厢湘襄镶商伤 [3] 想鲞赏 [5] 相{～貌，～食}

ɯɤ（新派及乡下韵）
p [1] 波菠玻包胞搬 [3] 保堡宝饱褒蟆{蛤～：癞蛤蟆} [5] 报半拌{火～：焦泥灰}豹趵{暴跳，暴开}爆簸
pʰ [1] 抛泮泡{～茶} [5] 炮泡{名词}判脬{猪的膀胱}
b [2] 婆袍盘跑 [4] 伴拌绊鲍 [6] 暴刨叛
m [1] 帮 [2] 磨魔摩馍毛茅猫瞒馒忙{忘～记} [4] 满卯 [6] 磨冒帽貌望{看}
t [1] 刁豹雕端 [3] 短□{～被头} [5] 吊钓断{决～}窎{～角：偏僻之地}盀{～瓶：酒坛}
tʰ [1] 挑跳吞剜{把里面的东西剔出来。} [3] 挑{～选}氽{人物在水上漂} [5] 跳粜探躭{出～：人品出众}
d [2] 条调{～和}团糰谭潭 [6] 掉调{音～}段缎
n [2] 南男 [6] 嫩
l [2] 捞撩 [6] 料疗尥撩{向高处拿东西}□{团～：团篇}
ts [1] 焦蕉椒昭招躜{～到水里} [3] 钻{名词} [5] 照诏醮{再～}
tsʰ [1] 锹缲{～边}超杲{盛饭勺。饭～} [3] 忖{～～起儿：想想看} [5] 俏
dz [2] 朝{～代}潮 [4] 赵兆绍邵 [6] 召{～集}
s [1] 消宵霄硝销烧萧箫些{面～：那些} [3] 小少 [5] 笑鞘算
k [1] 甘柑泔干肝竿斡疳{～病} [3] 敢感杆秆 [5] 干{事～}
kʰ [1] 堪龛刊 [5] 勘
h [1] 鼾蜆{蜊～：蚯蚓} [5] 罕
ɦ [2] 含函寒韩咬 [6] 汗旱岸翰焊
∅ [1] 安鞍庵 [5] 按案暗

iɯɤ
tɕ [1] 骄娇浇{～水}朝{明～：明天} [3] 较{比～}缴{～燥：～光} [5] 叫{哭}
tɕʰ [1] 跷{～脚儿} [3] 巧撬 [5] 翘窍
dʑ [2] 桥乔侨荞舀{～水} [4] 挢{～开：橇开} [6] 轿
ȵ [2] 饶尧 [6] 绕{～牢}
ɕ [1] 操{盖子揭开} [3] 晓
ɦ [2] 摇谣窑姚 [6] 效校耀鹞{纸～}
∅ [1] 妖邀腰要{～求}么吆{～五吓六} [3] 舀{～水。}（又音） [5] 要{重～}

əɯ
pʰ [3] 剖
m [2] 谋矛眸 [4] 某{～人} [6] 亩{一～}牡茂贸
f [3] 否
v [2] 浮（又音）{轻～} [4] 负 [6] 阜{曲～}
t [1] 丢兜 [3] 斗抖陡 [5] 斗
tʰ [1] 偷 [3] 敨{～开，～气} [5] 透赸{往下跳，跳绳}
d [2] 头投 [6] 豆痘逗
l [1] 剟{～洞} [2] 楼搂流溜留榴硫琉蝼{～蛄} [4] 篓柳栁{～浆糊}擂{用器具匀物。～谷。} [6] 漏陋溜{很滑}馏
ts [1] 周舟州洲邹 [3] 走酒帚 [5] 奏昼皱咒
tsʰ [1] 秋抽 [3] 丑{小～} [5] 凑臭{香～}
dz [2] 囚泅绸稠筹愁仇 [6] 宙纣骤
z [2] 柔揉 [4] 受授 [6] 就袖寿售
s [1] 修羞搜飕馊收 [3] 手首守 [5] 秀嗽{咳～}绣锈瘦漱{～口}獸
k [1] 勾钩溝沟构佝篝{～火〔？〕}苟购 [3] 狗苟 [5] 够勾{～当}锯{名词}
kʰ [1] □{～～好：刚刚好} [3] 口叩{～头} [5] 扣寇□{事先约好}
g [2] 跔{～弄：手脚收缩，～落来；蹲下} [4] 厚{利润多}
h [1] □{～水：吸水} [3] 吼□{应～：答应} [5] 蚝{（虹）}
ɦ [2] 候喉猴{属～} [4] 藕偶{配～}后厚 [6] 偶{～然}候{等着}
∅ [1] 欧瓯讴{～农：叫人} [3] 呕{～吐}殴 [5] 怄{～气}

iəɯ
tɕ [1] 鸠阄{抓～}纠赳 [3] 九久韭灸 [5] 救究咎
tɕʰ [1] 丘笱箍揪 [3] 揪{捆起来}
dʑ [2] 求球仇{姓～} [4] 血舅 [6] 旧柩
ȵ [2] 牛 [4] 纽扭
ɕ [1] 休 [3] □{～一记：抽打一下}朽 [5] 痳{皮上小疙瘩}
ɦ [2] 尤邮油由游犹鱿{～鱼} [4] 有友酉莠诱又 [6] 右祐{保～}柚釉{～彩}
∅ [1] 优幽幼悠□{火、光减弱叫～}

ɯan（文）
p [1] 搬 [5] 半
pʰ [1] 潘 [5] 判泮{拦〔？〕}
b [2] 般盘 [4] 伴拌 [6] 绊叛
m [2] 瞒 [4] 满螨 [6] 满{～足、～族}漫{水～出来}
l [2] 良凉量粮梁粱 [4] 两俩{穷～个：我们} [6] 亮谅辆量{力～}两{一～}
ts [1] 将{～来}浆张章樟璋蟑彰獐蒋 [3] 长{首～}涨奖桨掌 [5] 酱将{大～}帐账胀障瘴仗{打～}
tsʰ [1] 枪昌菖 [3] 厂枪{～东西} [5] 唱倡畅
dz [2] 长肠场 [6] 丈杖
s [1] 相厢箱湘襄镶商伤 [3] 想赏鲞{黄鱼～} [5] 相{～貌}
z [2] 详祥墙常嘗裳偿 [4] 勺{饲～：勺子}上象橡像尚 [6] 上{～面}壤攘嚷匠让

an（文）
p [1] 班斑颁扳般搬帮邦 [3] 板版绑榜 [5] 扮{打～}滂
pʰ [1] 攀 [5] 盼襻胖
b [2] 旁傍滂庞 [4] 棒 [6] 办傍{午～：～晚}
m [2] 忙盲芒茫虻蛮 [4] 莽网 [6] 慢蔓蟒{～蛇}
f [1] 翻藩番方肪芳妨 [3] 反纺仿彷 [5] 泛贩仿放访
v [2] 凡帆烦藩繁房防亡妄忘 [4] 犯范 [6] 饭万妄望梵
t [1] 担耽丹单当 [3] 胆党 [5] 担{挑～}掸旦当{典～}
tʰ [1] 贪坍滩摊汤 [3] 坦毯倘躺 [5] 探炭叹烫趟
d [2] 潭谭谈痰檀壇弹{～琴}堂棠螳唐糖塘 [4] 淡诞荡{放～} [6] 但弹{～子}蛋宕
n [2] 南男难 [4] 囊 [6] 难{患～}囡{女儿}
l [2] 蓝篮兰拦栏郎廊狼 [4] 懒 [6] 览揽榄缆烂浪朗
ts [1] 簪 [3] 盏 [5] 赞斩蘸沾葬脏{肮～}
tsʰ [1] 参搀仓苍 [3] 产铲 [5] 惨灿忏{～悔}
dz [2] 蚕惭谗馋残蝉 [6] 站暂赚栈
s [1] 三杉衫珊山疝 [3] 散 [5] 伞散{～开}
k [1] 肝干竿尴冈岗刚纲钢缸甘泔 [3] 敢橄感赶秆 [5] 杆干
kʰ [1] 堪龛嵌看刊{～登}康糠 [3] 艦 [5] 坎砍勘看{～守}慷{～慨}抗炕
h [1] 酣鼾 [3] 喊罕 [5] 汉夯{打～}
ɦ [2] 含函衔寒韩昂行{银～}航杭 [6] 汗焊岸翰憾撼项巷
∅ [1] 安鞍庵肮氨{～水} [5] 暗按案晏{晚、迟}

ian（文）
tɕ [1] 疆僵礓姜江缰 [3] 讲
tɕʰ [1] 羌腔 [3] 强{勉～}
dʑ [2] 强 [4] 强{倔～}
ȵ [2] 娘
ɕ [1] 香乡 [3] 享响向 [5] 向{方～}
ɦ [2] 羊烊扬阳杨洋疡降{投～} [4] 养 [6] 样
∅ [1] 央秧殃

uan（文）
t [1] 端 [3] 短 [5] 断{决～}锻{～炼}
d [2] 团糰 [4] 断{～了} [6] 断{～绝}段缎椴
n [4] 暖
l [2] 鸾 [4] 卵 [6] 乱
ts [1] 庄装桩鑽钻 [3] 钻{名} [5] 壮
tsʰ [1] 疮窗 [3] 纂{编～} [5] 窜篡闯创
dz [6] 撞状
s [1] 酸霜孀双 [5] 算蒜爽
z [2] 床
k [1] 官棺观冠鳏关光 [3] 罐馆琯管广 [5] 贯灌冠惯广{～阔}
kʰ [1] 宽匡筐眶框 [3] 款 [5] 旷框{～子}
g [2] 狂 [6] 逛{～马路}
h [1] 欢荒慌谎 [5] 唤焕晃况
ɦ [2] 桓完丸还环黄簧皇煌蝗王 [4] 皖 [6] 玩缓皖换幻患宦晚旺顽{～皮}
∅ [1] 湾弯汪瑗{老～儿：皋〔？〕}丸〔？〕 [3] 碗 [5] 豌腕挽枉往

ən（文白）
p [1] 奔（文）崩（文） [3] 本（文）
pʰ [1] 喷烹姘{～头}拼 [3] 聘 [5] 喷{香～～}
b [2] 盆朋（文）凭彭（文）膨（文）平坪评瓶屏 [6] 病
m [1] 冰兵 [2] 门蚊{～虫}盟明名铭 [3] 本丙饼{糕～} [5] 并{合在一块儿。～拢} [6] 闷猛（文）孟（文）命
f [1] 分芬纷 [3] 粉 [5] 奋粪
v [2] 文坟焚纹闻 [4] 刎（文） [6] 吻（文）愤忿问璺份{一～}
t [1] 敦（文）墩（文）登（文）灯（文）蹲（文） [3] 等（文） [5] 顿（文）凳（文）澄（文）瞪（文）扽（文）肫{鸡～}
tʰ [1] 厅吞（文） [3] 挺{～直、～起来} [5] 汀{水门～}褪（文）
d [2] 屯豚饨臀腾腾誊藤疼亭停廷庭蜓 [4] 锭{银～：迷信品} [6] 盾钝遁囤沌邓定
n [1] 敦墩登灯丁钉疔炖{食物放在水上蒸熟。}靪{～鞋} [2] 能 [3] 等顶鼎井{小水潭}戥{～秤} [4] 暖 [5] 顿扽{～～直}凳澄钉{～牢}订瞪屯{一～} [6] 嫩（文）
l [2] 临邻{～近}鳞论仑伦沦轮楞菱凌 [4] 领{～口}岭卵（文） [6] 乱论{议～}令另{～外}
ts [1] 针斟珍榛臻真贞侦正{～月}征尊遵曾增憎徵蒸争（文）筝精晶睛腈{～肉} [3] 枕{动}诊疹井拯{～救}整 [5] 浸枕{～头}进晋镇振震证症正政甑{饭～}
tsʰ [1] 亲村侵参{～差}（文）称撑清青蜻 [3] 请忖 [5] 趁衬寸（文）称{名词}秤篩{～鞋底}
dz [2] 沉岑秦陈尘曾层橙乘承丞呈程成诚臣 [4] 橙{～子} [6] 阵赠郑尽橙{～树}埕{酒～泥}
s [1] 心森参{人～}深辛新薪身伸孙（文）僧升生（文） [3] 省{反～}（文）圣醒笋（文）沈审 [5] 婶渗信讯榫{～头}胜性姓
z [2] 寻辰晨神人（文）仁唇绳塍{田～}仍情晴肾 [4] 静忍蕈{香～} [6] 剩慎（文）净甚（文）刃
k [1] 跟根更粳（文）庚（文）羹（文）耕（文） [3] 耿梗{糖～}（文）哽（文） [5] 埂{田～}（文）更{～加}
kʰ [1] 坑（文） [3] 恳垦肯 [5] 掯{～牢：按住}
g [6] 頋{头向下弯}
h [1] 亨哼 [3] 很
ɦ [2] 痕恒衡 [6] 恨硬（文）
∅ [1] 恩摁{埋} [3] □{～蒸暖}

iən
tɕ [1] 今金禁{～不住}襟巾筋京荆经 [3] 锦紧境景警颈谨 [5] 禁{～止}敬竟镜径经{～线}惊
tɕʰ [1] 钦卿轻 [5] 庆揿捺磬
dʑ [2] 琴禽擒勤芹鲸疔{打寒～：因受寒等而打颤。}弶{一～长} [4] 近 [6] 仅劲妗{雌～}竞
ȵ [2] 银壬任吟迎宁 [4] □{～进去} [6] 认{～字}宁{～可}韧颉{粘度大}
ɕ [1] 兴{绍～}欣蝇{苍～} [3] 擤 [5] 兴{～盛}
ɦ [2] 寅淫形型刑营茔萤 [4] 引 [6] 引{～火线}
∅ [1] 音阴荫因殷应英姻 [3] 影捻□{火，光灭了} [5] 印应映{反～}

uən
k [1] 关{～门} [3] 滚棍痻〔？〕{～脓：溃脓}绲{～边}
kʰ [1] 昆昆坤 [3] 绷捆 [5] 困睏
h [1] 昏婚荤{～莱〔？〕} [5] 昏
ɦ [2] 魂馄浑 [4] 混{～进} [6] 混{～帐：骂人语}
∅ [1] 温瘟蕰{～草} [3] 稳

yən
tɕ [1] 津均钧军 [3] 准 [5] 俊浚{～河}
tɕʰ [1] 春倾椿{香～树} [3] 蠢 [5] 菌顷窘
dʑ [2] 群裙
ɕ [1] 孙荀旬熏勋薰 [3] 笋旬 [5] 逊殉迅舜训
ʑ [2] 循巡唇纯醇
ɦ [2] 匀云蒓循巡唇纯 [4] 忍认 [6] 顺任
∅ [5] 蕴

iɛn（文）
p [1] 鞭编边蝙 [3] 扁匾贬 [5] 变遍
pʰ [1] 篇偏 [5] 骗片
b [2] 便{～宜}汴 [6] 辨辩便{方～}辫{～子}
m [2] 绵棉 [4] 免勉娩缅渑{～池} [6] 面
t [1] 颠{～覆} [3] 点典 [5] 店掂{～量：估量}
tʰ [1] 天添
d [2] 甜田填 [4] 簟 [6] 展奠佃垫
l [2] 廉镰帘连联怜莲恋 [4] 脸敛 [6] 练炼殓
ts [1] 尖煎占瞻 [3] 剪 [5] 展箭占溅荐
tsʰ [1] 歼签千迁笺 [3] 浅
dz [2] 钱 [4] 践{实～} [6] 渐
s [1] 仙先鲜 [3] 癣 [5] 线
z [2] 潜前全泉旋 [6] 旋镟漩
tɕ [1] 监兼艰间奸肩坚 [3] 减碱检楝柬拣 [5] 鉴监舰剑简裥间谏涧锏茧趼笕见
tɕʰ [1] 谦牵铅 [5] 欠歉遣
dʑ [2] 钳乾虔掮 [4] 俭件 [6] 健键腱
ȵ [1] 黏研烟{又青〔？〕} [2] 严鲇{～鱼}拈嫌言年 [4] 碾染 [6] 验念
ɕ [1] 枧苋{～菜}掀 [3] 险 [5] 宪献显
ɦ [2] 咸岩厈炎盐阎颜檐沿闲延涎贤丝弦蜓筵研{百花争～} [4] 眼限演 [6] 陷馅艳焰盐腌砚现谚
∅ [1] 淹阉焉蔫{食物不新鲜}燕{～京}胭烟湮 [3] 燕 [5] 掩魇厣〔？〕厌雁晏堰嚥宴

yɛn（文）
tɕ [1] 毡{～帽}专砖捐 [3] 卷转 [5] 战颤眷{家～}卷绢占
tɕʰ [1] 穿川圈春{～米} [5] 劝喘券犬串{一～}
ɕ [1] 闩{门～}拴宣楦{鞋～} [3] 选陕闪 [5] 扇揙
∅ [1] 冤渊鸳 [5] 怨
dʑ [2] 传{～达}椽拳权颧 [6] 篆传{～记}倦缠{～住}
ȵ [2] 原源 [4] 软 [6] 原愿
ʑ [2] 蝉禅然蟾船 [4] 燃善膳 [6] 羡单{姓}禅冉炫旋
ɦ [2] 园员缘元袁辕援玄悬圆猿 [4] 远 [6] 县院阮眩

in（文）
p [1] 彬宾槟冰兵 [3] 丙炳秉禀饼 [5] 殡鬓迸柄{锄头～}
pʰ [1] 拼姘乒 [3] 品 [5] 聘{～请}
t [1] 丁钉疔叮盯 [3] 顶鼎 [5] 钉{～住}订
tʰ [1] 厅汀 [3] 挺梃艇{潜水～} [5] 听
l [1] 拎 [2] 林淋临邻鳞燐陵凌菱灵零铃伶翎 [4] 领{～路：带路} [6] 领岭令另吝{～啬}
ts [1] 精晶睛 [3] 枕{～头}井整 [5] 浸进晋
tsʰ [1] 侵寝亲清蛏青蜻 [3] 请 [5] 秤
s [1] 心辛新薪星腥 [3] 醒沈 [5] 信胜性姓
tɕ [1] 今金禁襟巾斤筋荆鷲〔？〕经惊{～动} [3] 锦紧境景警颈谨 [5] 禁敬竞镜径
tɕʰ [1] 钦卿轻 [5] 揿庆磬
ɕ [1] 欣兴馨 [3] 擤{～鼻涕} [5] 衅{挑～}兴{高～}
∅ [1] 音阴荫因姻洇殷应鹰莺鹦樱英婴 [3] 影隐 [5] 饮印应{～对}映
b [2] 贫频凭平坪评瓶屏萍 [6] 病并
m [2] 民萌鸣明盟名铭 [4] 悯敏抿 [6] 命皿{器～}问
d [2] 亭停廷庭蜓霆婷 [6] 定锭
dz [2] 沉秦晴情 [4] 静 [6] 尽阵靖净郑盛
z [2] 人 [6] 剩
dʑ [2] 琴禽擒勤芹鲸 [4] 近 [6] 仅劲竞
ȵ [2] 壬任{姓}吟银迎宁 [6] 宁{～可}
ɦ [2] 淫寅蝇行{～为}盈赢刑形型营茔萤 [4] 引杏 [6] 幸颖

oŋ
f [1] 风枫疯丰封峰蜂锋讽 [5] 俸{薪～}
t [1] 东（文）冬（文）咚（文）氡（文） [3] 董（文）懂（文） [5] 冻（文）栋（文）
tʰ [1] 通 [3] 捅统 [5] 痛
n [1] 东冬 [2] 农侬 [3] 董懂侬{你} [5] 冻栋齆{～鼻头：鼻塞不通。}疒东〔？〕{因受凉而得病。} [6] 脓
ts [1] 棕鬃宗中忠终纵钟盅 [3] 总种腫中{射～}冢肿 [5] 粽众纵{放～}种{动词}
tsʰ [1] 聪葱囱充从{～容}冲煿{火～：小手炉} [3] 怂{～恿}宠 [5] 铳{放～：旧时的响器}木充〔？〕{尖头扁担。}趓{立不稳}口豕〔？〕{鼻～}
s [1] 松嵩淞{吴～江} [3] 耸悚竦怂（又音） [5] 送宋
k [1] 公蚣工功攻弓躬宫恭供 [3] 拱{～手}栱巩 [5] 贡汞供{上～}
kʰ [1] 空 [3] 孔恐倥 [5] 控空{～缺}
h [1] 烘 [3] 哄訇{～出去：用言语将人赶出去。}讧蕻{菜～} [5] 轰{～炸}揈{门弗〔？〕～出去}
∅ [1] 翁 [3] 塕{灰～} [5] 嗡
b [2] 棚朋篷蓬塳{～尘}槰{稻～：稻草堆}
m [2] 蒙芒{麦～}檬{～槌} [4] 瞢{～懂}网 [6] 梦
v [2] 冯逢缝 [4] 奉 [6] 凤缝{一条～}俸
d [2] 同铜童筒瞳烔{热～～}挏{用手舂物} [4] 桶动 [6] 洞
l [2] 笼聋隆龙砻{磨：～种。～谷，磨去谷壳} [4] 拢陇垅{田～} [6] 弄
dz [2] 虫从{跟～}重{～复} [4] 重{轻～} [6] 仲
z [2] 丛崇戎绒松{～树，松毛}茸{参～}□{没本事} [6] 诵颂讼□{精液}
ɦ [2] 弘宏红洪鸿 [4] □{～拢：人挤在一起} [6] □{～下来：坍下来}
pʰ [3] 捧 [5] 碰{～头，～：打麻将时碰到牌}
p [4] 迸{～裂}
g [6] 共

ioŋ
tɕ [1] 供{～养} [3] 炯
ɕ [1] 兄凶胸凶汹
∅ [1] 雍痈拥庸壅{～肥} [3] 永咏踊甬勇涌蛹恿泳泳俑{秦马～} [5] 臃{～肿}
dʑ [2] 穷琼 [6] 供{二人共用}
ȵ [2] 绒{～线}浓（城内老派音）
ɦ [2] 荣绒熊雄融浓容蓉镕庸熔嵘榕 [6] 用佣{～金}

ŋʷ
f [1] 方肪芳妨 [3] 纺 [5] 放仿
tʰ [1] 汤耥{～耙：使泥平滑的农具} [5] 烫
n [1] 当{～时} [3] 党 [4] 脑{～髓} [5] 当{上～} [6] 糯{～米}闹{～热}
ts [1] 庄装桩 [5] 壮葬
tsʰ [1] 仓苍疮 [3] 闯
s [1] 桑丧操{～米：捣米}霜孀双{一～鞋口咀〔？〕} [3] 爽 [5] 磉{～盘}
k [1] 冈岗刚钢纲{～领}缸杠光江豇{～豆}桄{～棍} [3] 讲港 [5] 降{霜～}
kʰ [1] 康糠 [5] 囥矿{开～}
h [1] 荒慌谎{～话}
∅ [1] 汪{眼泪～～} [3] 枉{冤～}
b [2] 旁 [4] 棒
v [2] 房防 [6] 望{希～}
d [2] 堂棠膛螳唐塘溏{～心}糖 [4] 塘{石～：打石头的地方}盪{～} [6] 䟽〔？〕{～马路}
l [2] 郎廊狼（城内音） [6] 浪阆{稀疏}
dz [2] 藏{稳藏} [4] 撞哭闲 [6] 藏{西～}撞{碰到人}
z [2] 床 [6] 状撞{石块～过去：石块扔过去}
g [2] 狂{发～} [4] 吭{田～：地垅} [6] 吭{～杖：大铁铲}𧊅{牛蛙}
ɦ [2] 行{银～}航杭黄簧皇蝗王砑{～船}绗{～被头} [4] 瓦{砖～} [6] 旺
pʰ [5] 胖

ɔʔ（文）
tʰ [7a] 托讬獭{水～}
ts [7a] 作
tsʰ [7a] 错{～杂}
s [7a] 索撒{～开}
k [7a] 各阁角甲
kʰ [7a] 确{的～}壳廓
∅ [7a] 鸭{～肉}恶{善～}
d [8a] 铎达
n [8a] 捺{按下}
l [8a] 落烙骆洛辣乐{音～}络
z [8a] 昨凿
ɦ [8a] 学岳匣狭峡

oʔ（文）
p [7a] 博剥驳
pʰ [7a] 仆扑朴
f [7a] 福幅蝠覆复
t [7a] 笃督
l [7a] 睩{眼睛～来～去} [8a] 鹿禄六陆绿
ts [7a] 桌卓琢竹筑祝粥足烛屬啐{象声词}龊
tsʰ [7a] 错戳捉畜{～牲}促触
s [7a] 朔速肃宿缩叔粟束
k [7a] 郭谷
kʰ [7a] 哭酷
∅ [7a] 握屋沃龌
b [8a] 薄缚仆{奴～}曝瀑
m [8a] 莫膜幕寞模木目穆牧
v [8a] 服伏復{～原}
d [8a] 读独牍毒
dz [8a] 浊镯浞
z [8a] 族熟淑俗续赎蜀属辱褥
ɦ [8a] 鹤噗{声音，象声词。}

ioʔ（文）
tɕ [7a] 菊掬
tɕʰ [7a] 曲曲
ɕ [7a] 畜{～牧}蓄
dʑ [8a] 逐轴局
ȵ [8a] 肉抐{～面}玉狱
ɦ [8a] 域疫役育欲欲浴

əʔ（文）
p [7a] 八钵拨不北百柏伯迫
pʰ [7a] 泼泊拍魄
f [7a] 法发佛{仿～}勿
t [7a] 答搭得德剅{～肉：斩肉}
tʰ [7a] 塔塌榻溻脱忒{～好}
ts [7a] 执汁札紊〔？〕紮折浙质卒酌则窄摘责只
tsʰ [7a] 插擦察撮漆黢{～黑}侧测拆策册䇲尺七赤斥
s [7a] 涩{～口}湿萨杀瑟虱失室塞色啬{吝～}栅些{这～}
k [7a] 蛤鸽割葛各阁搁胳格革隔
kʰ [7a] 磕渴刻克客
h [7a] 喝郝吓赫
∅ [7a] 扼轭{牛～}
b [8a] 拔钹勃浡饽白帛堛（垡）{泥～：泥块}
m [8a] 抹末沫袜没墨默貊陌麦脉
v [8a] 乏伐筏罚佛勿（城内音）
d [8a] 踏达夺突特
n [8a] 纳捺
l [8a] 腊蜡镴辣瘌捋肋勒
dz [8a] 杂侄秩着贼直值泽择宅
z [8a] 杂（又音）闸炸{用油～}什十拾入舌实勺芍若弱
g [8a] 轧
ɦ [8a] 合盒匣核鄂额

iəʔ（文）
p [7a] 鳖憋笔毕逼碧璧壁必
pʰ [7a] 撇匹僻闢劈
t [7a] 跌的滴嫡
tʰ [7a] 帖贴铁踢剔
ts [7a] 接摺{～迭}褶节即鲫职积迹脊绩
tsʰ [7a] 妾缉辑彻撤辙切饬赤（文）斥（文）尺（文）戚七（又音）
s [7a] 薛泄屑雪悉膝室削息媳熄识式饰惜昔适释锡析
tɕ [7a] 劫挟急级给洁吉脚击激
tɕʰ [7a] 泣讫乞却吃
ɕ [7a] 胁吸瞎{～子}辖歇蝎
∅ [7a] 揖{作～}噎乙一逸约抑益溢
b [8a] 别弼
m [8a] 灭篾密蜜扚{用手指搓纸绳、搓线，拧粉。}
d [8a] 叠碟牒蝶谍笛敌狄籴{买米}
l [8a] 列烈猎裂劣栗捙{～～燥：滴水自干}率力历立笠粒
dz [8a] 捷涉集截绝直值{价～}殖植寂
z [8a] 习袭舌日食蚀籍藉石夕席
dʑ [8a] 及杰极剧履{木～}蛰{惊～}
ȵ [8a] 聂镊蹑业热薛虐疟逆溺捏
ɦ [8a] 叶页协翼亦译易{交～}液腋

uaʔ（文）
k [7a] 骨括刮
kʰ [7a] 阔窟扩
h [7a] 豁忽霍藿疹{（窹）一～到天亮}
∅ [7a] 挖
ɦ [8a] 活滑猾核{桃～}获划劐

yəʔ（文）
tɕ [7a] 摺褶哲厥决诀桔
tɕʰ [7a] 出缺拙屈{～服}
ɕ [7a] 设摄刷说血戍恤
∅ [7a] 郁抈{～挑：折起来}
dʑ [8a] 厥掘橛{…～：一段}倔{～强}
ȵ [8a] 月
ʑ [8a] 术
ɦ [8a] 悦阅越曰粤穴术

iaʔ（文）
tɕ [7a] 甲胛{肩～}觉{～悟}角{一～}
tɕʰ [7a] 恰掐怯却洽
∅ [7a] 鸭押压
dʑ [8a] 夹裌狭峡
ɦ [8a] 狭{又音}峡{又音}药钥{～匙}岳乐{音～}学{～校}

ɛ（入声白读）
p [7b] 百柏伯
pʰ [7b] 拍魄
ts [7b] 摘责
tsʰ [7b] 拆破策册赤{～脚儿}
s [7b] 栅
k [7b] 格隔{～开}革{刘文革}
kʰ [7b] 客
∅ [7b] 押压轭{牛～}
b [8b] 白
m [8b] 佰陌麦脉
dz [8b] 择泽宅
ɦ [8b] 额{～角头}

iɛ（白）
t [7b] 跌
tʰ [7b] 铁帖贴
ts [7b] 节
tsʰ [7b] 切
tɕ [7b] 挟{～菜}
l [8b] 篐{谷～}
d [8b] 叠蝶碟
dʑ [8b] 㗋{～西：什么东西}揭{用臂挟物}
ʑ [8b] 截{～断}
ȵ [8b] 捏図{塞进}
ɦ [8b] 爷

uɛ（白）
ɦ [8b] 划劐

yɛ（白）
tɕ [7b] 桔~～儿 tɕyɛ:n~
ɕ [7b] 刷{～墙壁，刷儿：ɕyɛ:n}
ɦ [8b] 曰

ɔ（白）
t [7b] 搭□{地～：山地}
tʰ [7b] 塔塌榻搨獭{水～}讬托
ts [7b] 作{～兴}
s [7b] 萨{菩～}撒索
k [7b] 夹裌甲各阁搁
kʰ [7b] 壳廓掐撂{拿筷子，抓人}圴{叫～。}
h [7b] 喝欱{大口喝}
∅ [7b] 恶{～衣：欺侮人}
d [8b] 踏达凟{庭～：檐口结的水柱}
l [8b] 蜡镴辣落烙{在火上烤}洛络乐{快～}酪
ʑ [8b] 凿{～洞}昨{日～}闸
ɦ [8b] 狭峡鹤学

iɔ（白）
tɕ [7b] 脚
tɕʰ [7b] 却{退～}确{～实}
∅ [7b] 约{～定}□{～囡：女儿出嫁}
ȵ [8b] 箬
ɦ [8b] 药

ie（白）
p [7b] 鳖憋
pʰ [7b] 撇劈
ts [7b] 接节{又音～}
tsʰ [7b] 插□{～直：伸直}
s [7b] 雪薛{～仁贵}
tɕ [7b] 劫洁䥆{镰刀：带齿的割麦、割稻用的刀}羯
ɕ [7b] 歇
l [8b] 趿{～路：走路}
m [8b] 灭篾
dʑ [8b] 舌□{～：舌头}
ȵ [8b] 业热孽{罪～}
ɦ [8b] 叶页

ye（白）
tɕ [7b] 浙{～江}摺
tɕʰ [7b] 缺{田～：田边放水用缺口}
ɕ [7b] 血恤
ȵ [8b] 月{～亮}

ə（白）
pʰ [7b] 泊
f [7b] 佛勿
tʰ [7b] 脱忒{～好}
ts [7b] 执汁折质则酌
tsʰ [7b] 漆撮{动词。拾取。}侧测七赤斥
s [7b] 涩{～口}失蚤
k [7b] 蛤胳革个{阿个：我的。}瘑{～壳：疥疮}膈{～肢下}
kʰ [7b] 磕渴刻克
h [7b] 吓郝
b [8b] 勃浡帛垡{泥～头：泥块}
m [8b] 抹没{又音}
v [8b] 佛物勿{～要：城内音}
d [8b] 夺突特
n [8b] 纳捺{一～}
l [8b] 捋{：～袖子，～树叶}肋勒
ʑ [8b] 十拾什入实{～在}
g [8b] 轧
ɦ [8b] 鄂

iə（白）
p [7b] 笔毕碧必
pʰ [7b] 僻辟
ts [7b] 即
tsʰ [7b] 妾切{～糖}
s [7b] 泄膝室削息熄昔适析
tɕ [7b] 急极揭给{供～}吉击激
tɕʰ [7b] 泣讫乞吃（文）挈{双手提物}躜{抬脚。脚～起来。}
ɕ [7b] 胁{威～}吸疲{质量差。}闯{～壁虎}
∅ [7b] 揖{作一}噎乙一逸抑益□{～谷}
b [8b] 别弼
m [8b] 密蜜
d [8b] 笛狄
l [8b] 列烈裂劣栗
dʑ [8b] 捷集绝寂及杰极剧
ʑ [8b] 涉袭蚀籍藉席
ȵ [8b] 聂镊蹑{～手～脚}逆虐疟
ɦ [8b] 协翼译液

uə（白）
k [7b] 括刮骨
kʰ [7b] 窟
h [7b] 豁忽霍揢{～摔：甩掉}
∅ [7b] 挖殒{～死}
ɦ [8b] 滑猾核获榾{桃～：桃核}

yə（白）
tɕ [7b] 哲厥决诀欶{吸吮。～奶}
tɕʰ [7b] 缺{～少}出屈
ɕ [7b] 摄设说刷{动词}
∅ [7b] 郁抈{折叠}
dʑ [8b] 掘倔{脾气很～}撅{～：洞。撅一～。一～木头。}
ʑ [8b] 术述
ɦ [8b] 悦阅越穴粤术{又音}

ai（白）
p [7b] 北迫{压～}壁{墙～}滗{去渍取汁。～药。}
pʰ [7b] 匹
t [7b] 得德嫡摘
tʰ [7b] 踢剔
ts [7b] 织职疻{瘠～}迹只绩
tsʰ [7b] 缉{～鞋底}赤{～豆}戚{亲～}尺尺{一～}
s [7b] 塞色识{～字}式{方～}惜{可～}释{解～}锡{无～}
h [7b] 黑
m [8b] 墨
b [8b] 趱{～路：赶路}
d [8b] 敌{～人}籴{～米}
l [8b] 律{～师}力历
dz [8b] 直值
z [8b] 贼{做～食～饭}石

au（白）
p [7b] 剥{～皮}驳搏茶{～士}卜{板～：不聪明}
pʰ [7b] 扑朴
f [7b] 福幅複腹覆
t [7b] 笃督
ts [7b] 桌{台～}祝粥烛
tsʰ [7b] 戳畜{～牲}促角珿{～齐。}簇{～新}
s [7b] 速{～度}缩宿叔粟{～谷：～米}束
k [7b] 谷
kʰ [7b] 哭
∅ [7b] 屋
b [8b] 薄缚雹仆瀑箔{锡～：迷信品}鹁{：～鸪：鸽子}
m [8b] 摸膜幕{～布}木目
v [8b] 伏服舒{～}
d [8b] 读独{～头}牍毒
l [8b] 六陆禄绿
dz [8b] 浊浞涿
z [8b] 熟族{～里}俗续赎属辱
ɦ [8b] 镬{锅子}

iau（白）
tɕ [7b] 菊掬
tɕʰ [7b] 曲
ɕ [7b] 畜蓄
dʑ [8b] 局锔{～碗}轴镯{手～}
ȵ [8b] 肉抐玉狱
ɦ [8b] 域育疫役欲浴

ia（又读韵）
tɕ [7b] 甲胛{肩～}夹裌{～袄}
tɕʰ [7b] 恰掐怯却洽
∅ [7b] 鸭{～子}押压
ɦ [8b] 狭峡

ua（白）
tsʰ [7b] 插擦察
s [7b] 杀
k [7b] 括刮
kʰ [7b] 阔扩
∅ [7b] 挖（又音）
ʑ [8b] 煠{食物放在水中煮熟}
ɦ [8b] 活

ɯɤ（白）
p [7b] 钵拨
pʰ [7b] 泼
t [7b] 答掇{双手端物}
k [7b] 割葛
b [8b] 雹{冰～}
m [8b] 末抹沫
n [8b] 衲屙{～：尿布}
l [8b] 粒
ʑ [8b] 杂复{～}
ɦ [8b] 合盒核{～桃：胡桃}

ɯa（白）
p [7b] 八
f [7b] 法发
tsʰ [7b] 湿
b [8b] 拔钹{鞋～}
m [8b] 袜嬷{～～：祖母}
v [8b] 乏伐罚
ʑ [8b] 若嚼弱勺芍杓{木～：木制勺子}

m̩、ŋ̩（白）
m̩ [2] 呒没{～有}拇无 [4] 尾{～巴}
ŋ̩ [2] 鱼儿{～子}五伍唔 [3] 你 [4] 午{上～} [6] 耳{～朵}二{～婚亲}尾{～巴}

əl（ɦə）（文）
∅ [2] 儿 [4] 耳二贰
