音標	調類	調值	
ʦɿ	1	44	資姿咨滋輜
ʦɿ	3	324	紫姊子梓滓仔₁籽
ʦɿ	5	45	自(文)字(文)塒祀巳
ʦɿ	7	42	□₁（塞）
ʦʰɿ	1	44	差(參～)疵玼
ʦʰɿ	2	13	茲辭糍詞祠雌慈磁瓷
ʦʰɿ	3	324	此
ʦʰɿ	4	21	□(擦、蹭)寺(白1，地名，～橋壩，在今金井鎮王梓園村)
ʦʰɿ	5	45	次刺賜伺
ʦʰɿ	7	22	字(白)自(白)寺(白2)侍(白，服～)
sɿ	1	44	師獅螄斯撕廝私思₁絲蘇₁(紫～)
sɿ	3	324	死
sɿ	5	45	四肆似嗣飼侍(文)士(文)仕思₂俟
sɿ	6	22	事士(白)寺(文)
tʂʅ	1	44	知支枝₁肢梔脂芝之
tʂʅ	3	324	紙旨指脂止趾址殖值(文)置₁
tʂʅ	5	45	制智至致治志痣炙(文)置₂窒蜇（驚～）
tʂʅ	7	42	蜘只(～有)織執汁質職直(文)汁殖(白)蛭隻(文)
tʂʰʅ	1	44	癡璃蚩鴟雉
tʂʰʅ	2	13	遲馳池弛持
tʂʰʅ	3	324	齒恥侈
tʂʰʅ	4	21	□（滑倒）
tʂʰʅ	5	45	翅滯痔稚
tʂʰʅ	7	42	直（白）值（白）斥侄₂齒（文）
ʂʅ	1	44	詩施屍豉
ʂʅ	2	13	時鰣
ʂʅ	3	324	使（白）使史屎駛
ʂʅ	4	21	是
ʂʅ	5	45	試式嗜氏示視勢世誓
ʂʅ	6	22	市柿
ʂʅ	7	42	十什拾失（文）室實食蝕識飾釋石（文）使（文）
pi	3	324	彼比碧（文）壁（文1）璧（文）
pi	5	45	潷
pi	7	42	筆必碧（白）逼壁（文2）璧（白）
pʰi	1	44	批㓟披
pʰi	2	13	皮琵疲枇郫
pʰi	3	324	鄙庇弼（文）否痞
pʰi	5	45	屁
pʰi	7	42	匹僻辟霹弼（白）
mi	1	44	䊳
mi	4	21	米
mi	5	45	尾（白）
mi	7	42	密蜜覓泌篾㩢
ti	1	44	爹（文）低
ti	3	324	底抵滴（文）
ti	5	45	地（文）弟（文）第（文）帝締蒂
ti	7	42	敵嫡狄的笛
tʰi	1	44	梯
tʰi	2	13	隄題啼蹄
tʰi	3	324	體（白）□（剔除）
tʰi	5	45	替剃涕屜悌隸逮棣
tʰi	6	22	地（白）弟（白）第（白）裏₂
tʰi	7	42	剔粒（白）踢（文）
li	2	13	黎犁梨籬離璃驢₁擂（白）
li	4	21	裏₁鯉李呂履旅理禮里
li	5	45	麗厲勵痢粒（文）吏荔利（文）痢（文）淚（白）哩栗裏₂
li	6	22	利（白）痢（白）裏₃
li	7	42	力律𢯰（去掉渣汁：把米湯～出來）率₁曆立
tɕi	1	44	雞幾幾₁稽饑肌機姬基屐羈箕枝₂□（用尖子戳）
tɕi	3	324	已紀₁幾₂擠嘴
tɕi	5	45	記聚（文）濟臍祭唧₁忌既寄計繼系醉
tɕi	7	42	積疾脊籍藉₂績（文）緝集即鯽棘擊激吉極急及吸
tɕʰi	1	44	妻棲淒趨趨蛆溪（白，九溪源，地名，在今金井鎮沙田村）
tɕʰi	2	13	期鰭奇騎祁祈旗棋吱岐芪齊臍薺徐₁
tɕʰi	3	324	啟起豈取
tɕʰi	4	21	聚（白）徛
tɕʰi	5	45	器砌氣技支棄汽契企趣
tɕʰi	6	22	罪（白2）
tɕʰi	7	42	七漆戚乞訖迄績（白）
ȵi	2	13	泥伲妮尼呢倪儀疑宜誼霓
ȵi	4	21	擬你（僅書面，極少用）
ȵi	5	45	藝（白）囈義議蟻毅詣昵膩（文）
ȵi	6	22	藝（白）膩（白:~子粉）
ȵi	7	42	日（白）逆溺匿暱熱（白）孽（白）捏₁（～白：撒謊 聽～：胡說）
ɕi	1	44	希稀奚溪犧熙嘻西犀荽（芫～：香菜）須鬚胥些（文）
ɕi	2	13	徐₂兮攜髓
ɕi	3	324	喜嬉禧洗徙璽
ɕi	5	45	戲系細絮緒序敘歲（白）碎（白）
ɕi	7	42	襲隙
i	1	44	衣伊依醫
i	2	13	移夷姨怡飴貽
i	3	324	椅倚（白：近指）
i	4	21	以（白）倚（文）已矣
i	5	45	易₁（文）翳翼肄異憶億
i	6	22	易（1白）佾
i	7	42	一益溢亦譯抑逸液易₂以（所～，可～）
pu	3	324	補
pu	5	45	布怖步（文）
pu	7	42	不
pʰu	1	44	鋪₁
pʰu	2	13	蒲菩荸鬻
pʰu	3	324	樸（文）普輔脯僕甫
pʰu	4	21	噗
pʰu	5	45	鋪₂捕
pʰu	6	22	部步（白）簿
pʰu	7	42	撲蔔僕璞曝勃□（～辣椒）
fu	1	44	夫₁膚敷
fu	2	13	夫₂扶芙俘符胡湖蝴瑚乎呼狐弧瓠壺蒲₂（～塘：村名。在今金井鎮觀佳片，［光緒］《平江縣誌》作“湖塘”，［同治］《長沙縣誌》作“蒲塘”，錄此備考。）
fu	3	324	府腑俯撫虎滸（水～）腐斧釜
fu	5	45	戶護（文）庫幅服（一～藥）互付（文）傅赴訃婦（文）父（文）洑附
fu	6	22	戶（白）護（白）父（白）付（白）婦（白）
fu	7	42	腹複覆拂弗佛福蝠服伏
ku	1	44	孤姑辜菇估（文）箍
ku	3	324	估（白）古牯咕鼓
ku	5	45	固錮雇故顧
ku	7	42	骨穀
kʰu	1	44	枯骷
kʰu	2	13	跍₁
kʰu	3	324	苦
kʰu	4	21	□（撅嘴）
kʰu	5	45	庫褲
kʰu	6	22	跍₂□（耽～）
kʰu	7	42	哭窟酷
u	1	44	烏汙誣巫塢淤（～泥塅:地名，在今平江縣瓮江鎮）
u	2	13	無吳梧蕪毋（文）
u	3	324	物（文）
u	4	21	午武五伍鵡侮舞
u	5	45	誤（文）悟戊務（文）霧
u	6	22	霧（白）務（白）
u	7	42	屋勿物（白）
fy	1	44	書輸舒噓虛墟
fy	2	13	殊姝茱（～桐嶺:山名，水桐嶺的又稱，今作薯藤嶺，在長沙縣、平江縣界，即今拔薯公路终点。参见[同治]《長沙縣誌》)
fy	3	324	薯（文）暑（白）黍許（文）鼠₁水
fy	5	45	恕庶墅署戍樹（文）豎鼠₂
fy	6	22	樹（白₁）睡（白）
fy	7	42	術沭述
ȵy	4	21	女語
ky	1	44	豬居車₁株蛛朱拘駒硃珠
ky	3	324	煮褚舉諸主矩局（文）
ky	5	45	劇據鋸句巨拒距注柱駐具懼鑄箸遽
ky	7	42	局菊橘
kʰy	1	44	區驅樞吹（白）
kʰy	2	13	廚除渠儲瞿錘捶槌
kʰy	3	324	處₁褚杵
kʰy	4	21	苧（～麻）柱（白）
kʰy	5	45	處₂去（文）
kʰy	6	22	住處₃
kʰy	7	42	出屈
y	1	44	淤₂
y	2	13	於迂於餘餘俞榆愉魚漁儒輿愚娛虞
y	3	324	役（文）疫（文）日（文）
y	4	21	雨宇汝禹羽乳與
y	5	45	愈寓遇預譽喻豫玉裕籲
y	6	22	芋樹（白₂，花～塅、杉～塝：地名，均在今雙江社區）
y	7	42	入役（白）疫（白）域尉
pa	1	44	巴笆粑芭疤
pa	3	324	畀把靶
pa	5	45	霸欛壩罷（文）
pa	7	42	八百（白）陌（白）
pʰa	1	44	趴₁
pʰa	2	13	爬杷扒琶耙
pʰa	3	324	趴₂
pʰa	4	21	啪
pʰa	5	45	怕帕
pʰa	6	22	罷（白）稗
pʰa	7	42	拔跋白
ma	1	44	媽
ma	2	13	麻
ma	3	324	摸（白）
ma	4	21	馬碼瑪螞
ma	6	22	罵
ma	7	42	抹脈（白）
fa	1	44	花
fa	2	13	華鏵樺（柏～:亦作“白華”，水庫名，亦组名，在今龍華山村）劃₁
fa	4	21	劃₂（白₁）
fa	5	45	劃₂（文）畫（文）化
fa	6	22	劃₂（白₂）
fa	7	42	法發罰伐乏閥髮筏
ta	3	324	打
ta	5	45	大
ta	6	22	著₂（動態助詞，常弱讀）
ta	7	42	搭答達跌（白）
tʰa	1	44	他
tʰa	7	42	塔塌榻遝拓趿獺鰨踏撻
la	1	44	拿拉
la	2	13	拉
la	3	324	拿
la	4	21	哪
la	5	45	那娜
la	7	42	辣蠟臘剌邋捺納鈉
ʦa	1	44	抓（白）渣
ʦa	3	324	鲊
ʦa	5	45	炸
ʦa	7	42	雜白眨劄紮軋鍘蚱閘摘（白）
ʦʰa	1	44	差₁杈叉
ʦʰa	2	13	茶搽查槎
ʦʰa	4	21	□（ʨi˦˥ mɒu˦˥～：一種植物）
ʦʰa	5	45	岔
ʦʰa	7	42	擦察擇（白）拆（白）
sa	1	44	沙紗挱痧砂杉
sa	3	324	傻灑撒耍（白）
sa	7	42	殺煞靸薩刷（白）
tʂa	1	44	遮
tʂa	7	42	炙隻
tʂʰa	1	44	車
tʂʰa	3	324	扯
tʂʰa	4	21	□（笑得一～起）
tʂʰa	7	42	赤尺（白）
ʂa	1	44	賒畬（路口～：地名，今長沙縣路口鎮）□（解開衣服）
ʂa	2	13	蛇
ʂa	3	324	舍₁
ʂa	4	21	射（白1）社（白，～沖：地名，在雙江社區）
ʂa	5	45	射（白2）
ʂa	7	42	石（白）
ka	1	44	家₁（白）痂
ka	5	45	駕架（皆白）
ka	7	42	夾（白）甲（白）胛隔（白）
kʰa	1	44	拁
kʰa	2	13	卡₁
kʰa	3	324	卡₂
kʰa	4	21	□(跨)
kʰa	5	45	胯
kʰa	7	42	客掐
ŋa	1	44	丫
ŋa	2	13	伢牙芽(白)
ŋa	3	324	啞
ŋa	4	21	砑
ŋa	5	45	龁(～筋：不講理，固執己見)
ŋa	6	22	□(拖延)
ŋa	7	42	額（白）壓(白）鴨（白）齧（白）
xa	1	44	蝦哈₁
xa	3	324	哈₂
xa	4	21	下₁（白）
xa	5	45	哈₃
xa	6	22	下₂（白）
xa	7	42	嚇瞎
a	1	44	啊1
a	3	324	啊2
a	5	45	呵（～也）
pia	7	42	壁（白）
pʰia	6	21	□（～瀉個）
pʰia	7	42	劈（白）
mia	5	45	墨₁（～黑個）
tia	1	44	爹（白）
tia	5	45	滴（白1，量詞）
tia	7	42	滴（白2，動詞）
tʰia	2	13	提
tʰia	7	42	靮
lia	2	13	□（爬）
lia	7	42	累（訓）櫟瀝
tɕia	1	44	家₁（文）加佳嘉
tɕia	3	324	假姐₁（老～）賈
tɕia	5	45	姐₂借（白）架（文）駕（文）價稼
tɕia	7	42	嗟夾（2又～生）甲（文）蛤（花～）
tɕʰia	1	44	□（躲藏）
tɕʰia	2	13	邪（白）斜（白1）
tɕʰia	5	45	笡
tɕʰia	7	42	喫恰（文）洽
ȵia	1	44	□（撒嬌，粘人）
ȵia	2	13	黏
ȵia	5	45	䏧
ȵia	7	42	入（詈語）
ɕia	1	44	些（白）
ɕia	2	13	斜（白2）霞瑕暇遐
ɕia	3	324	寫
ɕia	4	21	下₁（文）
ɕia	5	45	夏（文）瀉
ɕia	6	22	下₂（文）
ɕia	7	42	狹峽匣俠挾轄狎
ia	1	44	鴉
ia	2	13	爺（白）牙芽
ia	4	21	也雅野
ia	5	45	亞訝
ia	6	22	夜
ia	7	42	押壓（文）
kua	1	44	瓜
kua	3	324	寡剮括（文）虢（文）
kua	5	45	掛卦褂
kua	7	42	刮括（白）
kʰua	1	44	誇
kʰua	3	324	垮
kʰua	5	45	跨
ua	1	44	蛙窪窊
ua	2	13	娃
ua	3	324	搲
ua	4	21	瓦
ua	5	45	哇凹
ua	6	22	話（白）
ua	7	42	挖襪
fya	3	324	耍（文）
fya	7	42	刷（文）
kya	1	44	抓（文）
kya	5	45	□（大叫）
kʰya	2	13	瘸
ya	5	45	曰（白）
ya	7	42	噦
po	1	44	波菠玻
po	3	324	簸
po	5	45	播□（打～：親嘴）
po	7	42	博駁剝
pʰo	1	44	坡
pʰo	2	13	婆
pʰo	3	324	頗
pʰo	5	45	破
pʰo	6	22	薄₁（～荷）
pʰo	7	42	薄₂
mo	1	44	摸（文）
mo	2	13	模膜魔磨1摩麼1
mo	4	21	拇母麼₂
mo	5	45	暮幕募墓（文）
mo	6	22	墓（白）
mo	7	42	莫末茉穆牧目木沐幕
to	1	44	多
to	3	324	躲
to	5	45	墮剁舵惰
to	7	42	奪咄□（扔掉）
tʰo	1	44	拖
tʰo	2	13	陀馱駝它₂
tʰo	3	324	妥
tʰo	4	21	摞
tʰo	5	45	唾
tʰo	6	22	舵（白）
tʰo	7	42	托鐸拓脫₁（～甲：原鄉名）
lo	1	44	啰
lo	2	13	羅籮蘿鑼螺腡
lo	4	21	裸䌱玀
lo	5	45	烙懦
lo	6	22	糯
lo	7	42	落洛駱絡樂₁賂諾酪
ʦo	3	324	左（白）卓（文）濁（文）
ʦo	5	45	佐左₂座（文）坐（文）
ʦo	7	42	桌作捉卓（白）涿啄鐲琢
ʦʰo	1	44	搓（文）
ʦʰo	2	13	昨
ʦʰo	4	21	座（白）坐（白）
ʦʰo	5	45	錯措挫₁鑿
ʦʰo	7	42	戳綽濁（白）
so	1	44	梭蓑唆娑嗍艘颼
so	2	13	□（話多）
so	3	324	所（白）鎖瑣塑（文）溯（文）朔（文）
so	7	42	所（文）朔（白）塑（白）溯（白）索
tʂo	5	45	□（～～：兒語，雞。）
tʂo	7	42	酌著角₂腳
tʂʰo	6	22	□（液體流淌）
tʂʰo	7	42	著（白）辵
ʂo	5	45	謶□（壞）
ʂo	7	42	碩爍
ko	1	44	歌哥戈鍋
ko	3	324	果裹箇
ko	5	45	個過
ko	7	42	各閣鴿角₂葛郭
kʰo	1	44	科蝌柯窠
kʰo	3	324	顆可（白）棵（白）
kʰo	5	45	課
kʰo	7	42	確殼擴闊渴可（文）棵（文）
ŋo	1	44	阿₁□（張望）
ŋo	2	13	鵝俄蛾訛峨娥
ŋo	4	21	我
ŋo	6	22	餓
ŋo	7	42	握鄂鱷齶顎沃斡惡
xo	1	44	呵
xo	2	13	河何（文）荷₁和
xo	3	324	火夥夥
xo	5	45	貨禍（文）荷₂賀和₂（文）
xo	6	22	禍（白）和₂（白）活（文2）
xo	7	42	活（文1）喝曷鶴霍藿豁惑或獲合₁盒₁
Ǿo	1	44	窩蝸渦萵屙
Ǿo	2	13	禾何（白）
Ǿo	5	45	臥𤌍
lio	7	42	略掠
ʨio	7	42	爵嚼
ʨʰio	5	45	嚼₂
ʨʰio	7	42	雀卻鵲確（文）覺
ȵio	7	42	弱虐瘧
ɕio	7	42	勺芍□（壞）
io	1	44	喲呦
io	5	45	□（大叫）
io	7	42	樂₂嶽躍鑰約藥若
pe	3	324	伯（文）
pe	7	42	缽百₂北柏伯（白）帛陌撥
pʰe	7	42	潑拍（文）珀魄泊
me	7	42	墨默麥脈（文）沒沫
te	7	42	得德
tʰe	7	42	脫₂特
le	7	42	捋勒肋
ʦe	3	324	宅（文）
ʦe	7	42	側則惻廁責摘（文）宅（白）
ʦʰe	7	42	策冊測澤擇（文）賊拆（文）
se	7	42	嗇色虱瑟塞澀
tʂe	3	324	這（文）
tʂe	5	45	鷓這（白）
tʂʰe	7	42	徹澈撤轍輒
ʂe	1	44	奢
ʂe	2	13	佘
ʂe	3	324	舍₁（文）
ʂe	5	45	舍₂社（文）
ʂe	7	42	攝涉
ke	3	324	弆革（文）
ke	5	45	鋸（白）蓋（白）嗝₁
ke	7	42	隔（文）格革（白）
kʰe	4	21	□（鋸）嗝₂
kʰe	7	42	刻客（文）克咳□（夾）
ŋe	7	42	額（文）厄扼軛
xe	1	44	許（白）
xe	2	13	□（～起個細人）
xe	5	45	□（笑聲）害₂（僅“厲～”）
xe	7	42	黑核赫盒₂合₂
e	2	13	兒而
e	4	21	爾（文）餌耳邇珥
e	5	45	二（文）貳
e	6	22	二（白）
pie	3	324	癟
pie	7	42	鱉□（～别，較為粗俗地叫人）
pʰie	1	44	撇、（～淡）
pʰie	3	324	蹩
pʰie	7	42	撇₂別
mie	1	44	咩
mie	7	42	滅蔑
tie	2	13	喋₁
tie	7	42	跌迭瓞耋
tʰie	2	13	喋₂
tʰie	7	42	鐵帖貼餮碟蝶牒疊
lie	5	45	捩厲（僅～害）
lie	7	42	列裂烈獵劣冽洌趔鬣
ʨie	1	44	□（詞綴）
ʨie	5	45	藉₁（慰～）借
ʨie	7	42	接結節揭桀潔秸癤劫絕（文）
ʨʰie	2	13	茄
ʨʰie	3	324	且
ʨʰie	5	45	去（白）
ʨʰie	7	42	切妾竊怯鍥挈愜篋截捷睫婕
ȵie	7	42	聶捏（文）鑷囁臬鎳業鄴
ɕie	2	13	斜（文）
ɕie	7	42	血薛雪泄歇脅
ie	1	44	椰
ie	2	13	耶爺（文）
ie	4	21	野（文）也（文）□（撒）冶
ie	5	45	夜（文）
ie	7	42	頁葉謁掖曳燁曄
kue	7	42	國
ue	7	42	活（白）罯
fye	1	44	靴
fye	7	42	說穴噱
kye	5	45	倔
kye	7	42	決訣掘厥撅蕨崛玦抉
kʰye	3	324	□（折斷）
kʰye	7	42	闋缺闕
ye	5	45	曰（文1）
ye	7	42	曰（文2）月越粵悅閱玥
pai	1	44	跛
pai	3	324	擺
pai	5	45	拜稗（文）敗（文）
pʰai	2	13	牌排
pʰai	5	45	派
pʰai	6	22	敗（白）
mai	2	13	埋霾
mai	4	21	買賣（白）
mai	5	45	賣（文：燒～）邁
fai	2	13	槐淮懷（文）
fai	6	22	壞
tai	5	45	待帶怠殆貸
tʰai	5	45	太泰態
tʰai	6	22	大
lai	4	21	奶₁□（雞爬地）
lai	5	45	賴（文）奈（文）奶₂
lai	6	22	耐賴（文）癩（文）
ʦai	1	44	災齋
ʦai	3	324	載₁
ʦai	5	45	載₂債
ʦʰai	1	44	猜差₂釵搓（白）
ʦʰai	2	13	才（文）柴
ʦʰai	3	324	彩采睬踩
ʦʰai	6	22	寨□（～雨：淋雨）□（橋～：橋邊）
sai	1	44	篩
sai	3	324	甩（白：～網：一種漁網）□（～牛：用牛耕田）□（～得／幹：能有，竟能有，如“一個班～～八個體育生”）
sai	5	45	曬賽寨（文：大～）
kai	1	44	階皆喈（蔡伯～）街
kai	3	324	改解
kai	5	45	戒械丐屆尬介芥界蓋（文）
kʰai	1	44	揩
kʰai	3	324	凱楷愷
kʰai	5	45	慨概溉
ŋai	1	44	哀喚挨娭
ŋai	2	13	捱埃岩崖
ŋai	3	324	矮
ŋai	4	21	靄藹
ŋai	5	45	隘礙（文）艾（文）愛（文）
ŋai	6	22	艾（白）
xai	1	44	嗨
xai	2	13	鞋諧孩還
xai	3	324	海蟹
xai	5	45	害₁（文）懈亥
kuai	1	44	乖
kuai	3	324	拐□（品性壞）
kuai	5	45	怪
kʰuai	3	324	塊傀蒯
kʰuai	4	21	㧟
kʰuai	5	45	快會₁筷噲獪膾劊
uai	1	44	歪
uai	2	13	懷（白：～抱裏）
uai	3	324	□（行動不穩，兩頭搖擺）
uai	5	45	外（文）
uai	6	22	外（白）
pəi	1	44	杯悲卑碑背□（掰斷）
pəi	5	45	貝閉陛蔽敝斃幣輩（文）背₁裨婢臂痹備倍（文）被（文）焙（文）秘避₁
pʰəi	1	44	胚坯
pʰəi	2	13	培賠陪
pʰəi	4	21	被₁背₂
pʰəi	5	45	佩配轡沛譬珮
pʰəi	6	22	被₂（白）倍焙
pʰəi	7	42	呸
məi	1	44	痗
məi	2	13	眉湄梅煤媒糜靡迷謎彌枚玫
məi	4	21	每美
məi	5	45	媚昧寐妹（文）
məi	6	22	妹（白）
fəi	1	44	飛非妃灰微揮輝麾
fəi	2	13	肥回（文）
fəi	3	324	匪菲悔毀賄䵋
fəi	5	45	肺廢費痛吠晦慧彗惠穢卉穗匯（文）諱繪會₂（文）
fəi	6	22	會₂（白）匯（白）
fəi	7	42	□（～ʨie³：一點兒）
təi	1	44	堆
təi	3	324	歹
təi	5	45	戴代（文）
tʰəi	1	44	胎推
tʰəi	2	13	抬臺苔頹
tʰəi	3	324	腿
tʰəi	5	45	退褪
tʰəi	6	22	代（白）袋
ləi	2	13	雷來
ləi	4	21	累₁侶鋁縷餒屢壘
ləi	5	45	類（文）內（文）淚（文）濾慮
ləi	6	22	內（白）類（白）累₂（吃～）
ʦəi	1	44	栽
ʦəi	3	324	嘴（文）崽₂
ʦəi	5	45	最再罪（文2）醉（文）
ʦʰəi	1	44	催崔摧炊
ʦʰəi	2	13	才材裁
ʦʰəi	4	21	在₁
ʦʰəi	5	45	菜蔡粹悴翠脆
ʦʰəi	6	22	罪（文1）在₂
səi	1	44	腮□（形容詞尾綴：惡～著：凶極了）雖
səi	2	13	隨隋綏
səi	3	324	□（耕田）
səi	5	45	歲（文）碎（白）
kəi	1	44	該
kʰəi	1	44	開
ŋəi	5	45	愛（白）
ŋəi	6	22	礙（白）
xəi	6	22	害（白）
kuəi	1	44	規歸矽閨龜
kuəi	3	324	鬼詭晷軌
kuəi	5	45	貴桂鱖瑰癸（歲在～醜）
kʰuəi	1	44	虧魁盔奎
kʰuəi	2	13	葵逵圭揆睽夔珪
kʰuəi	3	324	跪
kʰuəi	5	45	愧潰饋
kʰuəi	6	22	櫃
uəi	1	44	威煨
uəi	2	13	維唯帷惟圍違危桅葦微薇嵬巍回
uəi	4	21	尾（文）偉委諉
uəi	5	45	胃謂渭魏畏慰偽衛未（文）味（文）位（文）
uəi	6	22	位（白）未（白）味（白）
uəi	7	42	𣝗（“核”別體，即北京話“桃核兒”之本字，廣韻胡骨切）
fyɛ	1	44	衰摔
fyɛ	2	13	誰
fyɛ	3	324	甩（文）
fyɛ	5	45	帥率稅瑞睡（文）
kyɛ	1	44	追錐
kyɛ	3	324	轉（文）
kyɛ	5	45	綴贅墜
kʰyɛ	1	44	吹
kʰyɛ	2	13	垂捶
yɛ	2	13	蕤
yɛ	4	21	蕊
yɛ	5	45	銳睿芮
pɒu	1	44	包褒
pɒu	3	324	保寶堡飽
pɒu	5	45	報爆抱（文）暴（文）齙鮑
pʰɒu	1	44	拋泡₁胞
pʰɒu	2	13	袍浮（白）咆匏
pʰɒu	3	324	跑
pʰɒu	4	21	刨抱（白）
pʰɒu	5	45	炮砲泡₂
pʰɒu	6	22	刨抱（白）
mɒu	1	44	貓
mɒu	2	13	毛矛茅
mɒu	4	21	卯
mɒu	5	45	冒貌
mɒu	6	22	毋（沒有，俗作“冇”）
tɒu	1	44	刀
tɒu	3	324	倒₁島禱
tɒu	5	45	稻（文）倒₂盜道（文）
tʰɒu	1	44	叨滔
tʰɒu	2	13	桃濤燾掏陶
tʰɒu	3	324	討
tʰɒu	5	45	套導
tʰɒu	6	22	稻（白）道（白）
lɒu	1	44	□（~輕：很輕）
lɒu	2	13	撈勞澇癆₁牢撓
lɒu	4	21	腦₁老₁鬧₁（熱鬧）
lɒu	5	45	鬧₁（文）腦₂
lɒu	6	22	鬧₂（白）
ʦɒu	1	44	糟遭糟
ʦɒu	3	324	早₁蚤找
ʦɒu	5	45	灶臊罩
ʦʰɒu	1	44	抄操鈔
ʦʰɒu	2	13	曹嘈槽糟巢
ʦʰɒu	3	324	草吵
ʦʰɒu	4	21	皂
ʦʰɒu	5	45	糙造（文）躁燥操
ʦʰɒu	6	22	造（白）濯₁
sɒu	1	44	捎梢騷筲
sɒu	3	324	稍掃₁嫂
sɒu	5	45	掃₂潲
tʂɒu	1	44	朝₁招昭
tʂɒu	3	324	沼
tʂɒu	5	45	趙詔照兆召肇
tʂʰɒu	1	44	超
tʂʰɒu	2	13	朝₂潮
ʂɒu	1	44	燒
ʂɒu	2	13	韶苕□（ie⁴²～：壞了，完了）
ʂɒu	3	324	少₁
ʂɒu	5	45	少₂紹邵
ʐɒu	4	21	繞擾
kɒu	1	44	高糕跤膠（白）交（白）
kɒu	3	324	稿犒鎬搞₂
kɒu	5	45	告教（白）覺窖校₁（白）
kʰɒu	1	44	敲（白）
kʰɒu	3	324	考烤巧（白）
kʰɒu	4	21	搞₂
kʰɒu	5	45	靠銬
ŋɒu	2	13	熬□（～式：身体硬朗）鏖
ŋɒu	3	324	襖
ŋɒu	4	21	咬（～鹽：醃制）
ŋɒu	5	45	奧傲澳坳凹
xɒu	1	44	蒿薅
xɒu	2	13	毫豪號₁
xɒu	3	324	好₁
xɒu	5	45	號₂（文）好2皓耗孝（白）
xɒu	6	22	號₂（白）
ʨiɒu	1	44	家₂（～夥）
piɛ	1	44	標彪膘熛
piɛ	3	324	表錶婊裱
pʰiɛ	1	44	飄漂₁
pʰiɛ	2	13	剽瓢嫖
pʰiɛ	3	324	瞟漂₂
pʰiɛ	5	45	飄票漂₃
miɛ	1	44	瞄₁喵
miɛ	2	13	瞄₂苗描
miɛ	4	21	秒邈緲
miɛ	5	45	妙繆廟（文，～堂）
miɛ	6	22	廟（白）
tiɛ	1	44	刀貂雕丟
tiɛ	3	324	鳥吊₁
tiɛ	5	45	吊₂（文）釣調₁掉（文）
tʰiɛ	1	44	挑₁
tʰiɛ	2	13	調₂條
tʰiɛ	3	324	挑₂斢
tʰiɛ	4	21	窕
tʰiɛ	5	45	眺跳糴
tʰiɛ	6	22	吊₂（白）掉
liɛ	2	13	遼瞭₁燎療寥聊
liɛ	4	21	了瞭₂
liɛ	5	45	廖料（文）
liɛ	6	22	料（白）□（扔）
ʨiɛ	1	44	交（文）膠（文）流焦椒驕嬌
ʨiɛ	3	324	矯鉸狡餃絞繳剿攪
ʨiɛ	5	45	教校₁叫醮₁轎（文，～車）
ʨʰiɛ	1	44	繰劁蹺鍬翹
ʨʰiɛ	2	13	樵瞧喬蕎橋
ʨʰiɛ	3	324	巧（文）悄
ʨʰiɛ	4	21	撬藠
ʨʰiɛ	5	45	俏鞘峭翹竅
ʨʰiɛ	6	22	轎（白）噍
ȵiɛ	1	44	蹘□（努嘴）
ȵiɛ	2	13	□（～魚：鯰魚）
ȵiɛ	4	21	鳥（文）
ȵiɛ	6	22	尿
ɕiɛ	1	44	消瀟肖逍宵霄囂簫蕭嘵銷硝梟蛸
ɕiɛ	2	13	肴淆爻
ɕiɛ	3	324	小曉
ɕiɛ	5	45	笑嘯肖₂較校₁（文）效（文）孝（文）酵
ɕiɛ	6	22	效（白）孝（白2）
iɛ	1	44	腰妖要₁夭么邀
iɛ	2	13	搖謠窯姚堯饒
iɛ	3	324	窈
iɛ	4	21	杳
iɛ	5	45	要耀
təu	1	44	都
təu	3	324	堵睹肚朵賭督（文）獨（文）讀（文）
təu	5	45	度（文）杜妒蠹渡（文）鍍
təu	7	42	牘篤督□（器物之底）
tʰəu	2	13	屠塗徒圖
tʰəu	3	324	吐土
tʰəu	5	45	兔
tʰəu	6	22	度（白）渡（白）讀（白）
tʰəu	7	42	獨（白）禿毒突
ləu	1	44	□（鏽）
ləu	2	13	奴廬蘆鸕爐盧
ləu	4	21	魯櫓虜努鹵
ləu	5	45	路（文）露（文）璐鷺
ləu	6	22	露（白）路（白）
ləu	7	42	鹿祿陸₁錄漉□（弄）
ʦəu	1	44	租
ʦəu	3	324	祖阻組紫₂（～蘇）足（文）
ʦəu	5	45	做
ʦəu	7	42	足（白）
ʦʰəu	1	44	初粗
ʦʰəu	2	13	鋤愁
ʦʰəu	3	324	楚礎促（文）
ʦʰəu	5	45	醋助
ʦʰəu	7	42	促（白）族卒猝
səu	1	44	蘇₁梳疏蔬酥
səu	3	324	數₁
səu	5	45	數₂素愫
səu	7	42	速宿₁肅俗夙
tʂəu	1	44	周州洲舟
tʂəu	3	324	肘帚
tʂəu	5	45	宙晝紂咒
tʂəu	7	42	竹築燭囑祝
tʂʰəu	1	44	抽
tʂʰəu	2	13	綢疇儔仇讎誰酬籌售（白）
tʂʰəu	3	324	醜醜軸（文）
tʂʰəu	5	45	臭
tʂʰəu	7	42	觸束畜軸（白）
ʂəu	1	44	收
ʂəu	3	324	守手淑（文）屬（文）
ʂəu	5	45	壽（文）受（文）授獸售（文）
ʂəu	6	22	壽（白）受（白）
ʂəu	7	42	叔淑（白）熟塾屬（白）贖
ɻəu	3	324	育（文2）獄（文2）欲（文2）褥（文2）辱（文2）
liəu	1	44	溜₁
liəu	2	13	流留瑠榴硫琉劉瀏
liəu	4	21	柳
liəu	5	45	綹溜₂
liəu	6	22	溜₃
liəu	7	42	六陸綠
ʨiəu	1	44	揪糾鳩
ʨiəu	3	324	酒九久韭
ʨiəu	5	45	舊（文）就（文）□（剩下）㲃救究臼咎櫃各舅
ʨʰiəu	1	44	秋鰍丘邱
ʨʰiəu	2	13	囚泅求球
ʨʰiəu	3	324	曲（文）
ʨʰiəu	5	45	梂雀（麻～）
ʨʰiəu	6	22	舊（白）就（白）
ʨʰiəu	7	42	蓄（白）曲（白）麯
ȵiəu	1	44	妞
ȵiəu	2	13	牛揉
ȵiəu	4	21	扭（文）紐鈕
ȵiəu	5	45	扭（白）
ȵiəu	7	42	肉
ɕiəu	1	44	修脩羞休
ɕiəu	3	324	旭（文）朽
ɕiəu	5	45	袖秀鏽繡嗅（文）
ɕiəu	7	42	栗旭（白）蓄（文）蓄₂
iəu	1	44	悠幽優憂
iəu	2	13	尤遊猶郵由油柔₁
iəu	3	324	育（文1）獄（文1）欲（文1）褥（文1）辱（文1）
iəu	4	21	有友酉
iəu	5	45	又（文）右（文）幼柚釉誘宥莠
iəu	6	22	又（白）右（白）
iəu	7	42	育（白）獄（白）欲（白）褥（白）辱（白）
yəu	2	13	柔₂
yəu	7	42	育（白）獄（白）欲（白）褥（白）辱（白）
pʰɛy	3	324	剖
mɛy	2	13	謀眸
mɛy	4	21	畝牡某
mɛy	5	45	茂貿
fɛy	2	13	浮
tɛy	1	44	兜蔸逗₁
tɛy	3	324	抖陡斗
tɛy	5	45	鬥逗₂豆（文）
tʰɛy	1	44	偷
tʰɛy	2	13	投
tʰɛy	3	324	敨
tʰɛy	5	45	透
tʰɛy	6	22	豆（白）
lɛy	1	44	摟
lɛy	2	13	樓
lɛy	4	21	簍
lɛy	5	45	陋
lɛy	6	22	漏
ʦɛy	1	44	鄒鯫諏
ʦɛy	3	324	走
ʦɛy	5	45	皺（文）
ʦʰɛy	1	44	搊
ʦʰɛy	5	45	奏湊
sɛy	1	44	搜餿
sɛy	3	324	叟
sɛy	5	45	瘦
kɛy	1	44	鉤勾溝
kɛy	3	324	狗枸苟
kɛy	5	45	購夠
kʰɛy	1	44	摳
kʰɛy	2	13	□（～人）
kʰɛy	3	324	口
kʰɛy	5	45	扣叩蔻寇
ŋɛy	1	44	謳歐
ŋɛy	3	324	嘔
ŋɛy	4	21	偶藕
ŋɛy	5	45	慪
xɛy	1	44	齁
xɛy	2	13	猴喉䞀侯
xɛy	3	324	吼否
xɛy	4	21	厚（白）
xɛy	5	45	后候（文）後（文）厚（文）
xɛy	6	22	候（白）後（白）
pã	1	44	班斑頒扳
pã	3	324	板版
pã	5	45	扮絆瓣
pʰã	1	44	攀
pʰã	4	21	□（扔）
pʰã	5	45	盼襻
pʰã	6	22	辦
mã	2	13	蠻
mã	4	21	晚₁
mã	5	45	曼幔蔓（文）
mã	6	22	慢蔓（白）蟎
fã	1	44	番翻
fã	2	13	帆煩蕃藩樊繁
fã	3	324	反返□（罵人）
fã	5	45	犯（文）範販泛梵氾範（文）
fã	6	22	犯（白）範（白）飯
tã	1	44	擔耽丹單眈覘
tã	3	324	膽撣
tã	5	45	旦但（文）彈₁（文）擔蛋淡（文）憚
tʰã	1	44	灘攤貪坍
tʰã	2	13	彈₂潭痰檀壇譚談
tʰã	3	324	坦毯
tʰã	4	21	彈₁（白1）蛋（白）淡（白）
tʰã	5	45	探炭碳
tʰã	6	22	彈₁（白2）
lã	2	13	男藍南藍蘭攔難₁
lã	4	21	覽欖纜懶
lã	5	45	濫難₂（文）
lã	6	22	爛難₂（白）
ʦã	1	44	簪
ʦã	3	324	斬嶄盞
ʦã	5	45	贊站₁綻䋎
ʦʰã	1	44	參餐攙
ʦʰã	2	13	殘涎蠶饞讒□（昆蟲蜇人）
ʦʰã	3	324	慘產鏟
ʦʰã	4	21	□（擋住）
ʦʰã	5	45	燦懺粲
ʦʰã	6	22	站₂暫
sã	1	44	衫山訕三閂刪珊
sã	3	324	散₁傘
sã	5	45	散₂涮疝
kã	1	44	甘泔柑幹肝間₁奸尷竿
kã	3	324	敢橄感杆減簡揀擀柬鹼（白）梘（白，洋梘：肥皂）
kã	5	45	間₂諫幹艦鑒監
kʰã	1	44	刊勘堪龕嵌艱
kʰã	3	324	坎侃砍
kʰã	5	45	看
ŋã	1	44	安鞍庵淹鵪諳
ŋã	2	13	顏（白）嚴（白）頑（白）
ŋã	4	21	眼掩（白）
ŋã	5	45	暗雁晏按案岸（文）
ŋã	6	22	岸（白）
xã	1	44	酣鼾憨
xã	2	13	鹹銜閑寒函含韓
xã	3	324	喊瞰
xã	5	45	漢旱（文）翰憾撼陷（文）限（文）汗（文）焊（文）
xã	6	22	早（白）焊（白）陷（白）限（白）汗（白）莧
kuã	1	44	關
kuã	5	45	慣
kʰuã	4	21	摜
uã	1	44	灣彎豌
uã	2	13	頑（文）玩
uã	3	324	腕
uã	4	21	晚挽
uã	5	45	萬（文）
uã	6	22	萬（白）
pẽ	1	44	般搬
pẽ	5	45	伴（文）半
pʰẽ	1	44	潘
pʰẽ	2	13	盤
pʰẽ	4	21	伴（白）
pʰẽ	5	45	判叛畔泮
mẽ	2	13	饅瞞
mẽ	4	21	滿
fẽ	1	44	歡₁
fẽ	2	13	桓₁完（文1）
fẽ	3	324	緩₁
fẽ	5	45	煥₁喚₁患₁浣₁幻₁
fẽ	6	22	換₁
tẽ	1	44	端燈（白）
tẽ	3	324	等短□（攔截）
tẽ	5	45	段（文）鍛緞斷₁凳
tʰẽ	1	44	吞□（延緩)
tʰẽ	2	13	團騰（白₁）藤
tʰẽ	3	324	磴震
tʰẽ	4	21	段（白）斷₂氹
tʰẽ	5	45	騰（白₂）稱₂□（～手：幫手、朋友等）
tʰẽ	6	22	塅
lẽ	2	13	鸞圞欒
lẽ	4	21	卵
lẽ	5	45	亂（文）
lẽ	6	22	亂（白）
ʦẽ	1	44	鑽₁
ʦẽ	3	324	䂎
ʦẽ	5	45	鑽₂（文）
ʦʰẽ	1	44	氽竄
ʦʰẽ	2	13	層
ʦʰẽ	3	324	□（程度深）
ʦʰẽ	4	21	捘
ʦʰẽ	5	45	篡
ʦʰẽ	6	22	鑽（白2）
sẽ	1	44	酸生（文1）參₂（白）
sẽ	5	45	蒜算
tʂẽ	1	44	瞻詹沾氈粘
tʂẽ	3	324	展輾
tʂẽ	5	45	占戰顫
tʂʰẽ	2	13	纏
tʂʰẽ	4	21	□（風刮）
ʂẽ	1	44	扇₁（～薄：很薄）
ʂẽ	3	324	閃陝
ʂẽ	5	45	扇蟮膳擅單₂善
kẽ	1	44	根（白）跟（白）更₁（文1）
kẽ	3	324	整₁
kẽ	5	45	更₂（白）
kʰẽ	3	324	肯啃
ŋẽ	3	324	□（硌）
xẽ	1	44	歡₂哼
xẽ	2	13	桓₂完₂
xẽ	3	324	緩₂狠
xẽ	5	45	煥₂浣₂患₂幻₂喚₂恨
xẽ	6	22	換₂
piẽ	1	44	邊蝙鞭蝙鲏（鳑～屎：魚名，即鳑鲏）
piẽ	3	324	扁貶比₂
piẽ	5	45	變辯辨辮（文）使便₁（文）
pʰiẽ	1	44	偏篇編
pʰiẽ	2	13	便₂駢
pʰiẽ	3	324	匾
pʰiẽ	5	45	騙片汴遍避₂
pʰiẽ	6	22	便₁（白）辮（白）
miẽ	2	13	棉眠綿□（經允許拿人東西）
miẽ	4	21	免勉緬娩
miẽ	5	45	面（文）□（牽、拉）
miẽ	6	22	面（白）
tiẽ	1	44	癲巔顛
tiẽ	3	324	典點
tiẽ	5	45	店奠電殿（文）佃墊（文）
tʰiẽ	1	44	添天
tʰiẽ	2	13	田甜恬填
tʰiẽ	3	324	舔
tʰiẽ	4	21	簟
tʰiẽ	6	22	墊（白）殿（白）
liẽ	2	13	帘聯憐連鰱蓮漣簾濂廉鐮
liẽ	4	21	臉斂
liẽ	5	45	煉練戀
liẽ	6	22	鏈
ʨiẽ	1	44	尖煎₁肩兼堅𣚙
ʨiẽ	3	324	踐剪繭儉堿（文）揀撿檢
ʨiẽ	5	45	濺賤煎₂漸薦僭箭健（文）鍵建劍
ʨiẽ	7	42	梘（文，高～：地名，在今金井鎮石井村）
ʨʰiẽ	1	44	謙千牽₁殲簽遷纖箋
ʨʰiẽ	2	13	錢全泉痊挦鉗乾虔
ʨʰiẽ	3	324	淺遣
ʨʰiẽ	5	45	歉牽₂欠芡
ʨʰiẽ	6	22	件旋（白）健（白）
ȵiẽ	1	44	粘研
ȵiẽ	2	13	年嚴（文）顏閻言源（白）原（白）燃（白）
ȵiẽ	4	21	儼輦攆撚碾
ȵiẽ	5	45	念（文）硯（文）諺驗
ȵiẽ	6	22	念（白）硯（白）釅日（白：今～）
ɕiẽ	1	44	鮮₁先仙宣瑄軒掀
ɕiẽ	2	13	旋（文）旋賢嫌
ɕiẽ	3	324	選癬鮮₂險顯
ɕiẽ	5	45	線羨現（文）憲餡
ɕiẽ	6	22	縣現（白）
iẽ	1	44	煙胭閹醃焉
iẽ	2	13	鹽炎筵₁延簷芫
iẽ	3	324	□
iẽ	4	21	演掩（文）
iẽ	5	45	豔宴焰厭咽
iẽ	6	22	筵₂（發客～，時音）
kuẽ	1	44	官棺觀₁冠₁
kuẽ	3	324	管
kʰuẽ	5	45	貫灌罐觀₂冠₂
kʰuẽ	1	44	寬
kʰuẽ	2	13	□（彎曲）
kʰuẽ	3	324	款
kʰuẽ	5	45	墈
uẽ	3	324	碗
uẽ	4	21	婉宛
fyẽ	1	44	喧揎
fyẽ	2	13	玄懸眩橡
fyẽ	5	45	楦炫
kyẽ	1	44	捐磚涓娟
kyẽ	3	324	捲鬈轉₁
kyẽ	5	45	轉卷券著絹倦傳₁（文)
kʰyẽ	1	44	圈釧川穿
kʰyẽ	2	13	傳₂船蟬顴拳
kʰyẽ	3	324	犬喘舛
kʰyẽ	5	45	傳₁（白）
kʰyẽ	6	22	串勸
yẽ	1	44	冤淵箢
yẽ	2	13	元原（文）源（文）園（文）袁緣沿鉛援丸圓垣然燃（文）完（白）
yẽ	4	21	遠軟阮染
yẽ	5	45	院怨願（文）
yẽ	6	22	願（白）
pən	1	44	畚奔₁崩
pən	3	324	本□₁（氹氹～～：坑坑窪窪）
pən	5	45	笨（文）奔₂蹦
pʰən	1	44	噴（文）烹
pʰən	2	13	盆湓彭澎
pʰən	3	324	□₂（氹氹～～：坑坑窪窪）
pʰən	4	21	拌（白）
pʰən	5	45	噴₂碰
pʰən	6	22	笨（白）
mən	1	44	蚊
mən	2	13	萌盟門₁
mən	5	45	悶（文）
mən	6	22	悶（白）門₂
fən	1	44	分紛渾芬葷昏婚
fən	2	13	墳魂餛焚橫（文）
fən	3	324	粉
fən	4	21	混
fən	5	45	奮糞忿憤噴（白）份（文）
fən	6	22	分₂份（白）
tən	1	44	敦（文）蹲登礅燈（文）
tən	3	324	等（文）戥磉
tən	5	45	頓盾遁鄧地瞪噸敦（白）鈍₁
tʰən	1	44	腯
tʰən	2	13	屯鈍豚臀謄囤
tʰən	3	324	□（打～：停住）
tʰən	6	22	蹬
lən	2	13	輪論倫論₁侖能
lən	4	21	冷（文）
lən	5	45	論₂嫩（文）
lən	6	22	嫩（白）
ʦən	1	44	遵尊樽曾₁僧增爭箏睜
ʦən	3	324	怎
ʦən	5	45	贈憎俊浚竣
ʦʰən	1	44	村撐（文）皴
ʦʰən	2	13	存
ʦʰən	5	45	寸襯
sən	1	44	孫生（文2）甥笙參₂（文）
sən	2	13	旬詢荀巡循
sən	3	324	省（文）損筍
sən	5	45	遜（文）絢滲瘆
tʂən	1	44	真珍針偵貞勘臻榛蒸
tʂən	3	324	診枕整₁（文）
tʂən	5	45	正₁（文）症證陣（文）震₂振鎮疹鄭政
tʂʰən	1	44	稱₁抻蟶
tʂʰən	2	13	陳沉塵臣澄橙型呈誠城成（文）承（文）懲
tʂʰən	5	45	稱₂趁秤
tʂʰən	6	22	陣（白）
ʂən	1	44	身申伸深升勝₁聲（文）
ʂən	2	13	神晨辰唇乘繩承（白）
ʂən	3	324	沈審嬸
ʂən	4	21	甚（白）
ʂən	5	45	甚（文）勝₁葚聖盛慎腎剩（文）
ʂən	6	22	剩（白）
kən	1	44	根（文）跟（文）更₁（文2）耕庚（文）羹（文）
kən	3	324	耿哽（文）
kən	5	45	更₂（文）
kʰən	1	44	坑（文）
kʰən	3	324	肯（文）
ŋən	1	44	恩
ŋən	6	22	硬（文）
xən	1	44	亨
xən	2	13	痕
xən	3	324	很狠（文）
xən	5	45	恨（文）
piən	1	44	冰繽濱殯檳兵賓彬
piən	3	324	餅（文）丙柄稟
piən	5	45	並₁（文）迸病（文）鬢
pʰiən	1	44	拼姘娉
pʰiən	2	13	貧頻憑平（文）評萍蘋瓶屏
pʰiən	3	324	品並₂
pʰiən	5	45	聘牝
pʰiən	6	22	並₁（白）
miən	2	13	民泯鳴名（文）明（文）銘冥
miən	4	21	敏（白）憫皿抿閩
miən	5	45	命（文）
miən	7	42	敏（文，限於人名）
tiən	1	44	丁釘（文）砧
tiən	3	324	頂鼎
tiən	5	45	釘（文）訂（文）定（文）錠
tʰiən	1	44	汀廳
tʰiən	2	13	停婷亭廷蜓
tʰiən	3	324	挺艇
tʰiən	5	45	聽₁
tʰiən	6	22	定（白1）訂（白1）
liən	1	44	□（ʨia⁴⁴～～：悄悄兒）
liən	2	13	淋林臨鄰鱗粼磷陵萎淩₁靈鈴零（文）翎
liən	4	21	領（文）嶺（文）凜檁廩
liən	5	45	令（文）另（文）
liən	6	22	令（白）淩₂另（白）
ʨiən	1	44	精（文）睛（文）旌京鯨驚荊經兢津晶斤筋金襟
ʨiən	3	324	井（文）緊侭謹景頸（文）警錦
ʨiən	5	45	莖竸徑靖勁竟境鏡敬禁近（文）進晉靜（文）淨（文）盡（文）
ʨʰiən	1	44	親欽侵卿清（文）蜻青（文）
ʨʰiən	2	13	尋情晴（文）秦禽擒芹勤芹擎（文）
ʨʰiən	3	324	欽請（文）寢
ʨʰiən	4	21	近（白）噤
ʨʰiən	5	45	慶罄磬僅浸
ʨʰiən	6	22	盡（白）靜（白）淨（白1）
ȵiən	2	13	寧銀凝吟人（白）
ȵiən	4	21	擰
ȵiən	5	45	佞
ȵiən	6	22	認（白）
ɕiən	1	44	心新薪辛欣馨興₁星（文）
ɕiən	2	13	型形刑行₂
ɕiən	3	324	醒（文）擤
ɕiən	4	21	杏（白）□（蠢）
ɕiən	5	45	幸杏（文）興₂腥（文）性（文）姓迅訊信
iən	1	44	因姻殷音陰蔭₁英鷹鶯嬰櫻纓鸚
iən	2	13	寅繩迎淫贏
iən	3	324	隱（白）
iən	4	21	隱（文）引影（文）飲₁穎尹
iən	5	45	印蔭₂映應飲₂
kuən	3	324	滾袞鯀
kuən	5	45	棍
kʰuən	1	44	昆坤鯤焜堃琨傾（文1）
kʰuən	3	324	捆
kʰuən	5	45	困睏
uən	1	44	溫
uən	2	13	紋文聞雯玟
uən	3	324	穩
uən	4	21	吻刎
uən	5	45	汶問（文）
uən	6	22	問（白）
fyən	1	44	勳熏薰
fyən	3	324	迥（白）
fyən	5	45	訓馴
fyən	7	42	迥（文，僅限人名）
ʨyən	1	44	諄
ʨyən	3	324	准
ʨʰyən	1	44	春
ʨʰyən	3	324	蠢
ɕyən	2	13	純淳醇
ɕyən	3	324	瞬
ɕyən	5	45	舜順（文）
ɕyən	6	22	順（白）
kyən	1	44	軍君均鈞
kyən	5	45	菌（文）窘郡
kʰyən	1	44	傾（文2）
kʰyən	2	13	群裙
kʰyən	3	324	頃
kʰyən	4	21	菌（白）
yən	1	44	暈
yən	2	13	雲勻（文）螢（文）瑩熒縈（文）仁任人（文）壬
yən	4	21	允
yən	5	45	運（文）韻熨刃泳詠潤（文）孕韌仞紉韞慍醞氳蘊
yən	6	22	潤（白）運（白）閏認（文）
pɒŋ	1	44	繃（白）浜
pʰɒŋ	2	13	旁龐螃鳑棚（白）朋（白）
pʰɒŋ	4	21	碰₁蚌
pʰɒŋ	7	42	乓
mɒŋ	1	44	蒙₁（白）
mɒŋ	2	13	芒茫盲
mɒŋ	4	21	莽蟒
mɒŋ	5	45	蒙₃
fɒŋ	1	44	芳方（文）荒（文）
fɒŋ	2	13	黃（文）簧皇（文）凰防妨房（文）
fɒŋ	3	324	仿（文）彷恍
fɒŋ	5	45	放（文）
tɒŋ	3	324	黨（文）
tɒŋ	5	45	蕩（文）
tʰɒŋ	5	45	趟
ʦɒŋ	1	44	髒爭（白）
ʦɒŋ	3	324	早₂
ʦɒŋ	5	45	葬（文）藏
ʦʰɒŋ	1	44	撐（白）
ʦʰɒŋ	2	13	藏
ʦʰɒŋ	5	45	牚
sɒŋ	1	44	生（白₁）
sɒŋ	3	324	省
sɒŋ	5	45	喪₂（文）
tʂɒŋ	1	44	朝₃正₁
tʂɒŋ	3	324	整（白）
tʂɒŋ	5	45	正₂（白）
ʂɒŋ	1	44	聲（白）
ʂɒŋ	2	13	成（白）嘗償（文）裳常
ʂɒŋ	3	324	賞
ʂɒŋ	5	45	尚（文）
kɒŋ	1	44	更₁（白1）羹（白）
kɒŋ	3	324	哽港（文）
kɒŋ	5	45	□（淩～：冰淩）
kʰɒŋ	1	44	坑（文）慷
kʰɒŋ	3	324	□（咳嗽）
kʰɒŋ	5	45	抗炕（文）
ŋɒŋ	1	44	肮
ŋɒŋ	2	13	昂
ŋɒŋ	6	22	硬（白）
xɒŋ	1	44	夯
xɒŋ	2	13	行₂杭航
xɒŋ	5	45	項（白）
piɒŋ	3	324	餅□₁（一～：很多）
pʰiɒŋ	2	13	坪平（白）
pʰiɒŋ	3	324	□₂（一～：很多）
pʰiɒŋ	6	22	病（白）
miɒŋ	2	13	明（白）名（白）
miɒŋ	6	22	命（白）
tiɒŋ	1	44	釘（白1）丁（白）翎（白1，蟬～：蟬）
tiɒŋ	5	45	釘（白2）
tʰiɒŋ	2	13	翎（白2，～胛：翅膀）
tʰiɒŋ	3	324	挺（白）
tʰiɒŋ	5	45	聽₂
tʰiɒŋ	6	22	定（白2）
liɒŋ	2	13	零（白）糧（文）良涼（文）梁（文）量₁
liɒŋ	4	21	冷（白）領（白）嶺（白）
liɒŋ	5	45	量₂（文)諒（文)
ʨiɒŋ	1	44	精（白）睛（白）江（文）醮₁
ʨiɒŋ	3	324	講（文）頸（白）獎漿井（白）
ʨiɒŋ	5	45	匠（文）降₁
ʨʰiɒŋ	1	44	清（白）青（白）輕（白）疆羌韁
ʨʰiɒŋ	2	13	晴（白）翔詳祥
ʨʰiɒŋ	3	324	請（白）
ʨʰiɒŋ	5	45	戧₁
ʨʰiɒŋ	6	22	淨（白）
ȵiɒŋ	3	324	□₁（閒逛）
ȵiɒŋ	4	21	仰
ȵiɒŋ	5	45	□₂（閒逛）
ɕiɒŋ	1	44	星（白）鄉（文）湘（文）襄
ɕiɒŋ	2	13	降₂
ɕiɒŋ	3	324	餉享醒（白）
ɕiɒŋ	5	45	向（文）性（白）腥（白）
iɒŋ	1	44	央
iɒŋ	2	13	揚陽（文）贏（白1）
iɒŋ	3	324	影（白1）
iɒŋ	5	45	漾恙
kuɒŋ	1	44	光（文）更₁（白）
kuɒŋ	3	324	廣梗（白）
kʰuɒŋ	1	44	匡（文）傾（白）
kʰuɒŋ	4	21	哐
kʰuɒŋ	5	45	曠況礦
uɒŋ	1	44	汪（文）
uɒŋ	2	13	橫（白1）王（文）忘（文）亡（文）
uɒŋ	4	21	往（文）枉網（文）
uɒŋ	5	45	望（文）旺
uɒŋ	6	22	橫（白2）
fyɒŋ	1	44	雙（文）霜（文）孀閂（文）刪（文）
kyɒŋ	1	44	裝（文）莊（文）
kyɒŋ	5	45	狀（文）壯（文）撞（文）
kʰyɒŋ	1	44	窗（文）
kʰyɒŋ	3	324	創（文）闖
yɒŋ	1	44	縈（白）
yɒŋ	2	13	螢（白）贏（白2）
yɒŋ	3	324	影（白2）
yɒŋ	4	21	壤攘讓（文）
poŋ	1	44	幫梆邦
poŋ	3	324	綁榜
poŋ	5	45	棒
pʰoŋ	5	45	胖
moŋ	2	13	忙
toŋ	1	44	當₁
toŋ	3	324	擋₁檔₁黨（白）
toŋ	5	45	當₂檔₂
tʰoŋ	1	44	湯
tʰoŋ	2	13	糖唐塘溏堂螳搪
tʰoŋ	3	324	擋₂
tʰoŋ	4	21	蕩（白1）
tʰoŋ	5	45	燙盪
tʰoŋ	6	22	蕩（白2）
loŋ	2	13	郎囊狼
loŋ	4	21	□（搖晃）
loŋ	5	45	浪（文）
loŋ	6	22	浪（白）
ʦoŋ	1	44	裝（白1）莊（白）樁贓
ʦoŋ	5	45	壯（白）葬（白）
ʦʰoŋ	1	44	倉蒼瘡窗（白）
ʦʰoŋ	2	13	床
ʦʰoŋ	3	324	創（白）
ʦʰoŋ	4	21	撞（白）
ʦʰoŋ	6	22	狀（白）
soŋ	1	44	雙（白）霜（白）喪₁桑
soŋ	3	324	爽嗓搡顙磉
soŋ	5	45	喪₂（白）
tʂoŋ	1	44	張章樟彰裝（白2）薑
tʂoŋ	3	324	長₁漲
tʂoŋ	5	45	脹瘴
tʂʰoŋ	1	44	倡昌猖
tʂʰoŋ	2	13	長₂場腸
tʂʰoŋ	3	324	廠敞
tʂʰoŋ	4	21	丈
tʂʰoŋ	5	45	唱暢
ʂoŋ	1	44	商傷
ʂoŋ	2	13	償（白1）
ʂoŋ	4	21	上₁
ʂoŋ	5	45	上₂（最～庵：雙江廟名）
ʂoŋ	6	22	上₃尚（白）
koŋ	1	44	鋼缸光（白）港（白，社～：瀏陽鎮名）江（白，平～，双～口：平江地名）
koŋ	3	324	講
koŋ	5	45	虹（白）
kʰoŋ	1	44	康糠匡（白）筐
kʰoŋ	2	13	□（彎曲)
kʰoŋ	4	21	□（狗叫：外孫狗，吃著～～走（童謠）)
kʰoŋ	5	45	炕（白）
xoŋ	1	44	方（白）荒（白）坊
xoŋ	2	13	房（白）
xoŋ	5	45	放（白）
oŋ	1	44	汪（白1）
oŋ	2	13	王（白1）忘（白1）黃（白1）皇（白1）
oŋ	4	21	網（白1）
oŋ	6	22	望（白1）
lioŋ	2	13	糧（白）涼（白）梁（白）梁（白）
lioŋ	4	21	兩
lioŋ	6	22	諒（白）亮量（白）
ʨʰioŋ	1	44	槍腔
ʨʰioŋ	2	13	牆強
ʨʰioŋ	3	324	搶
ʨʰioŋ	4	21	像
ʨʰioŋ	5	45	戧₂
ʨʰioŋ	6	22	匠（白）
ȵioŋ	2	13	娘
ȵioŋ	6	22	釀讓（白）
ɕioŋ	1	44	香湘（白）相₁廂商₂鄉（白）
ɕioŋ	2	13	償（白2）
ɕioŋ	3	324	響想
ɕioŋ	5	45	向相₂
ioŋ	1	44	秧殃
ioŋ	2	13	洋羊陽（白）楊
ioŋ	4	21	養癢
ioŋ	6	22	樣（白）
pəŋ	1	44	繃（文）
pəŋ	5	45	蹦
pəŋ	7	42	□（象聲詞）
pʰəŋ	2	13	棚（文）朋（文）蓬
pʰəŋ	3	324	捧
pʰəŋ	5	45	碰₂
məŋ	1	44	蒙₁（文）
məŋ	2	13	蒙₂
məŋ	4	21	猛懵
məŋ	5	45	夢（文）孟
məŋ	6	22	夢（白）
təŋ	1	44	冬東
təŋ	3	324	董懂抍
təŋ	5	45	棟凍動（文）洞（文）
tʰəŋ	1	44	通
tʰəŋ	2	13	同筒桐銅童瞳
tʰəŋ	3	324	桶統捅
tʰəŋ	4	21	動（白）
tʰəŋ	5	45	痛
tʰəŋ	6	22	洞（白）
ləŋ	1	44	聾
ləŋ	2	13	龍籠隆農膿儂
ləŋ	3	324	□（蘸)
ləŋ	4	21	攏壟隴
ləŋ	5	45	怒弄
ʦəŋ	1	44	棕₁蹤淙宗鬃
ʦəŋ	3	324	總
ʦəŋ	5	45	棕₂縱
ʦʰəŋ	1	44	聰驄匆蔥從
ʦʰəŋ	2	13	從松（白）崇
ʦʰəŋ	3	324	□（推）
səŋ	1	44	松（文）嵩鬆
səŋ	2	13	慫
səŋ	3	324	聳
səŋ	5	45	送誦頌宋
tʂəŋ	1	44	中₁終忠種盅
tʂəŋ	3	324	腫種₁塚
tʂəŋ	5	45	仲中₂重₁（文）種₂
tʂʰəŋ	1	44	充沖₁舂囪
tʂʰəŋ	2	13	蟲重₂
tʂʰəŋ	3	324	寵
tʂʰəŋ	4	21	重₁（白）
tʂʰəŋ	5	45	沖₂
kəŋ	1	44	公₁工攻功弓躬恭供
kəŋ	3	324	鞏拱汞
kəŋ	4	21	公₂
kəŋ	5	45	供貢共（文）公₃羾
kʰəŋ	1	44	空₁
kʰəŋ	3	324	恐孔
kʰəŋ	4	21	□（攪）
kʰəŋ	5	45	控空₂
kʰəŋ	6	22	共（白）
xəŋ	1	44	轟烘豐風瘋楓封峰鋒蜂
xəŋ	2	13	紅洪宏泓弘虹（文）鴻馮逢縫₁
xəŋ	3	324	哄諷
xəŋ	5	45	俸奉（文）鳳（文）
xəŋ	6	22	鳳（白）縫蕻奉（白）
əŋ	1	44	翁
əŋ	5	45	蓊甕
ʨʰiəŋ	2	13	穹窮
ɕiəŋ	1	44	胸匈凶兄洶
ɕiəŋ	2	13	熊雄鱅
ɕiəŋ	5	45	嗅（白）
iəŋ	1	44	雍
iəŋ	2	13	戎絨融茸容溶庸
iəŋ	4	21	勇冗甬湧擁
iəŋ	5	45	用（文）
iəŋ	6	22	用（白）
m̩	1	44	姆（～媽）
n̩	3	324	毋
n̩	4	21	爾₂
ŋ̩	1	44	汪（白2）
ŋ̩	2	13	黃（白2）王（白2）皇（白2）忘（白2）
ŋ̩	4	21	網（白2）
ŋ̩	6	22	望（白2）
